959 3 0 0
1 -2.932005 -1.38123 -0.578580000000001
2 -2.02662 -1.55406 -0.3436465
3 -2.76402 -0.847079999999998 0.621295
4 -1.70881 -0.4086965 -1.5273
5 -0.090215 0.0225864 1.83876
6 -1.898435 -1.614035 -0.670204999999999
7 -1.126965 -1.435455 -0.74813
8 -1.10065 0.744935 0.0500945
9 -0.878730000000001 -2.13435 -2.26104
10 -1.45462 0.231367 0.02839965
11 -2.22813 -0.70187 0.284737
12 -2.152905 -0.607035 0.0241206
13 -0.478657 -0.73502 0.65175
14 -1.588695 -1.69199 1.501945
15 -1.760615 -1.10907 0.0793265
16 -1.185765 0.61298 -1.023155
17 -0.350944 -0.468073 -1.084615
18 -4.160465 0.53834 -1.209965
19 -2.597825 -0.154078 -0.693384999999999
20 -1.5733 -0.885649999999998 -0.0849585
21 -1.685165 -2.07272 0.516475
22 -2.44439 -1.600085 -0.693125
23 -2.128595 -1.95527 -1.913445
24 -2.753305 -1.184005 -1.498905
25 -1.81908 -0.776014999999999 0.01864745
26 -2.3914 -0.489013999999999 0.0278708
27 -2.22516 -0.473528 -0.2758555
28 -2.79151 -0.457024499999999 -0.310698
29 -0.0437889 -0.510705 -0.175179
30 -2.518415 -0.547095000000001 -0.358039
31 -2.897365 -1.15851 0.0480094
32 -2.706235 -0.796860000000001 -0.06923
33 -2.62117 -1.822885 0.73142
34 -1.982645 -0.561265000000001 -0.134316
35 -2.25077 -0.078651 -1.075565
36 -2.77475 -0.549340000000001 -1.34496
37 -1.33988 0.18922 -1.284425
38 -0.647755 0.1706375 -1.142815
39 -1.304665 0.554715 -0.390566
40 -1.746235 -0.107676 -1.301865
41 -2.180455 -0.1319855 -0.76244
42 -2.013875 -0.31913 -0.489050000000001
43 -2.216915 -0.323906 -0.658265
44 -1.97505 -0.384524 -1.344825
45 -2.008655 -0.762779999999999 -1.63081
46 -1.641465 -0.3810285 -0.135178
47 -1.40839 -0.545215000000001 0.0842005
48 -0.983235000000001 -0.479800000000001 0.570774999999999
49 -1.181485 -0.465448500000001 0.360594
50 -1.151115 -0.83867 0.068601
51 -1.251725 -0.0541965 0.523175
52 -0.724485 -0.92877 -0.2014585
53 -0.803865 -1.678745 0.4104085
54 -1.65091 -0.608945 -0.080886
55 -1.45258 0.0229715 0.1579785
56 -1.49823 -0.2265075 0.1013995
57 -1.326935 0.2551515 0.302202
58 -1.388155 -0.228201 0.3021995
59 -3.40595500000001 -0.999265000000001 -1.013855
60 -3.46922000000001 -0.64606 -0.4018325
61 -3.10646 -0.2631605 -1.26463
62 -1.097745 -1.047215 -0.210858
63 -2.202615 -1.29785 0.614435
64 -1.777665 -0.3111635 -0.314465
65 -1.499445 0.2583115 -0.2609015
66 -1.522715 0.3408775 -0.636570000000001
67 -1.40789 0.504630000000001 -0.1102115
68 -1.36288 0.629390000000001 -0.724785000000001
69 -0.733805 0.989540000000002 -0.573370000000001
70 -1.214105 1.02836 -0.481038
71 -1.171865 -0.907885 -1.622025
72 -1.553575 -1.37941 -2.272545
73 -2.580335 -0.424713499999999 0.469759
74 -2.66459 -1.691375 0.1563595
75 -1.53997 0.439943 -1.021695
76 -2.489 -1.418 -0.3389885
77 -1.47904 -1.244535 -0.245345
78 -1.110825 -1.307485 -1.26905
79 -0.8672 -1.490975 -1.926865
80 -0.69988 -0.883665000000001 -1.2578
81 -2.2212 -1.58482 0.0891575
82 -1.61239 0.0274056 -0.353066
83 -1.67731 0.04622445 -0.666824999999999
84 -1.97494 -0.1406135 -0.678075
85 -1.9064 0.0557885 -0.926324999999999
86 -1.98701 -0.0372679 -1.163745
87 -1.688025 0.2578915 -1.047925
88 -1.08958 -0.656725 0.228538
89 -0.824325 -0.788460000000001 0.0810515
90 -1.325345 -0.860610000000001 -0.1099975
91 -1.15149 0.90849 -0.816855
92 -0.82105 0.63639 -0.79964
93 -1.99257 -0.80152 0.126006
94 -2.08161 -1.014395 0.412952
95 -0.3900235 -0.671535 0.0632755
96 -2.41015 -0.98105 0.599015
97 -2.745075 -1.34256 0.677315
98 -0.915785 -1.201095 -0.497419499999999
99 -1.540165 -0.03289255 -0.1096675
100 -2.702135 -0.0961115 -1.136635
101 -1.677195 -1.496075 -0.41108
102 -3.216825 -0.716125 -1.341445
103 -2.71326 -1.59529 -1.1571
104 -2.615365 -1.703665 -1.71966
105 -2.157765 -1.77053 -1.35498
106 -2.248035 -0.599385 -1.41836
107 -2.44627 -0.903874999999999 -1.711465
108 -0.804615 -0.665785 0.378043
109 0.3695135 0.72193 0.521875
110 0.2385265 -0.828289999999999 0.445371
111 -1.02075 0.068444 1.084915
112 0.744350000000001 -0.0900355 0.476521999999999
113 -0.3297225 1.063 0.190348
114 -0.37401 -0.840445000000001 1.12623
115 -0.0811825 0.417897 -0.593375
116 -0.446806499999999 0.658465 -0.57286
117 -0.115131 0.728615 -0.163128
118 -2.08626 -1.72778 1.086625
119 -1.39983 -1.98449 -1.744965
120 -1.624865 -2.15823 -2.46462
121 -0.4080445 0.4100635 1.50029
122 0.475656499999999 0.584350000000001 1.41025
123 -0.847429999999999 0.766680000000001 0.69412
124 -1.138495 0.52586 0.541435
125 -0.766999999999999 0.2261365 1.380985
126 -0.490933500000001 -0.0031665 1.64531
127 -0.0409085 -0.1236485 -0.757425
128 -1.36159 -1.375985 -0.524094999999999
129 -1.519705 -1.60527 -0.822805000000001
130 -1.84096 -1.709355 -1.07956
131 -1.478685 -1.539605 -1.251205
132 -1.881615 -1.44037 -0.02524445
133 -1.506125 -1.51574 0.426156499999999
134 -1.86455 -1.79368 0.231696
135 -2.315185 -2.04214 0.324702
136 -1.977535 -1.440065 0.3428085
137 -1.791895 -1.397505 0.74065
138 -1.83993 -2.119365 0.96632
139 -1.78278 -1.679925 -1.47973
140 -1.69983 -1.41352 -1.84126
141 -1.392705 -1.29296 -1.580665
142 -1.646675 -0.98021 -1.7652
143 -0.3182155 -0.780480000000001 -0.507619999999999
144 -3.24901 -1.05842 -0.451064000000001
145 0.370126 -0.298223 0.1252845
146 1.901375 -1.438875 0.785159999999999
147 1.439105 -0.864329999999999 -0.241426
148 4.683295 2.202005 0.703635
149 2.607345 1.28126 0.1633155
150 1.72156 -0.50906 2.578225
151 2.278395 1.411235 2.17256
152 0.926220000000001 -0.139827 2.01199
153 1.654035 -0.396643 0.3208405
154 1.43745 0.329625 1.28885
155 3.932875 0.5169 1.35313
156 3.362925 0.078857 0.3454675
157 3.43353999999999 1.73531 1.58316
158 4.24181 1.06237 0.181042
159 2.98812 -0.871725000000001 1.026045
160 2.453645 -0.75224 0.3431255
161 -0.0474247 -1.05072 0.800215
162 0.695615 -1.43151 0.797945
163 0.701435 -1.5784 -0.2184065
164 1.09849 -1.34545 1.945925
165 0.2788855 -1.33106 1.08823
166 -2.350005 -1.69562 -1.042585
167 0.221143 -0.0996355 -0.3203825
168 -1.00315 0.2866075 -1.15401
169 -1.016895 -0.05435 -1.40021
170 -1.811575 -1.67265 -2.675995
171 -1.163105 0.194354 0.74474
172 -2.344065 -1.54082 0.874220000000001
173 -1.30692 -1.441845 -1.95205
174 3.53951499999999 2.042615 0.3270845
175 -1.021835 0.50521 0.895299999999999
176 -0.679399999999999 0.693515 1.090795
177 -0.788275000000001 0.922899999999998 0.3602265
178 -0.75658 1.1032 -0.0958205
179 -0.3132855 1.030525 0.744059999999999
180 0.052916 0.847284999999999 1.13732
181 -2.34402 -1.87835 0.922004999999999
182 -2.43144 -2.14066 0.667909999999999
183 -2.817845 -2.151195 0.328567
184 -2.14447 -2.128825 0.834445000000001
185 -2.265055 -0.3472 -1.23466
186 -0.01695435 -0.635125 0.204697
187 0.413359 -1.230665 1.781985
188 0.13137 -0.62405 1.98418
189 -0.267759 -0.434955 1.75397
190 1.2609 -0.4986335 2.269995
191 0.961915000000001 -1.293775 3.188465
192 1.057615 -0.478885500000001 3.073
193 2.191815 -0.78234 2.147565
194 2.704215 -2.125 3.46601
195 2.71493 -0.936669999999999 1.68427
196 3.31674 -0.217619 1.615985
197 1.442955 -2.01915 2.64166
198 2.24386 -1.336745 3.0052
199 -0.1260945 -0.85163 1.638205
200 -1.85014 -1.735215 -1.807995
201 -1.527015 -1.68689 -1.792355
202 -1.16596 -1.70411 -1.74068
203 -0.91825 -2.148285 -1.754015
204 -0.386904 -0.77042 -0.872274999999998
205 0.355527 -1.179085 0.682115
206 0.682040000000001 -1.31382 0.2620515
207 1.37006 -1.794435 0.241021
208 0.763864999999999 -1.52272 1.389135
209 0.772955 -0.915424999999999 -0.2671365
210 2.802285 -2.14288 -0.2821335
211 2.1733 -1.98661 0.2299185
212 1.837825 -1.63897 -0.563359999999999
213 1.21536 -1.62531 -0.566739999999999
214 1.215445 -0.206659 0.4214065
215 1.67432 0.234692 0.402762
216 1.273835 -0.491802 0.02860565
217 1.768715 -1.37104 -0.00321225
218 1.76923 -1.016205 0.323183
219 1.432645 -1.3772 0.2613835
220 1.041375 -1.535235 0.3211875
221 1.023865 -1.800715 -0.0251497
222 1.51438 -2.148155 -0.2966415
223 0.880894999999999 -0.428646000000001 0.378117
224 0.759265000000001 -0.65569 0.054478
225 0.61759 -0.912179999999999 0.3328965
226 0.533865 0.351002 0.514165
227 0.2666235 0.942830000000001 0.825875
228 0.0172228 0.965779999999999 0.475117000000001
229 0.422545 0.83501 1.143485
230 1.03998 0.81537 1.258535
231 0.77117 0.587104999999999 0.946214999999999
232 0.32711 0.4887505 0.157995
233 0.448769 0.10215 0.107672
234 0.288273 0.310996 -0.227542
235 0.7187 0.74287 1.25438
236 0.966169999999998 0.3847015 1.42435
237 1.084895 0.2387055 0.998104999999999
238 1.52519 0.2157915 0.844709999999999
239 2.1132 0.906865 0.826140000000001
240 2.391195 0.485889 0.0693745
241 1.763935 0.613720000000001 1.03521
242 2.20896 0.892959999999999 1.56841
243 2.64842 1.5729 1.147015
244 1.80761 0.575215 1.544355
245 2.30672 0.3407045 1.773365
246 1.689945 0.0765435 1.68023
247 2.8448 1.0844 1.85947
248 4.00514 1.27475 1.37964
249 4.10071000000001 2.07599 1.26045
250 2.818825 1.784445 1.921185
251 1.817555 0.647925000000001 0.570964999999999
252 2.051625 1.10208 0.269158
253 2.169075 1.536305 0.724465
254 2.09335 0.3676735 0.371923
255 2.304635 -0.1742865 0.04718325
256 2.99329 0.499112999999999 0.117876
257 3.42582 1.190355 0.286584
258 4.35491999999999 0.876114999999999 0.877859999999998
259 4.798345 -0.347308 0.0963865
260 4.66762 -0.04370675 1.02111
261 4.435435 0.312528 0.331665
262 4.100005 -1.01141 0.73714
263 4.76297 1.529115 1.17468
264 3.997575 -0.254353 0.630425000000001
265 3.286305 -0.399553 0.74241
266 1.57085 -0.713865 0.1416415
267 1.90647 -0.67029 0.2983925
268 2.137365 -0.956085000000002 0.3944235
269 1.952955 -1.20265 0.543285000000001
270 2.507815 -1.24518 1.181125
271 1.6152 -1.540745 1.619015
272 1.657 -1.277845 0.4609325
273 1.40179 -1.500205 0.757239999999999
274 1.983135 0.69478 0.070258
275 0.929110000000001 -0.3739325 -0.431819000000001
276 0.462707 -0.593859999999999 0.2997635
277 1.62816 -1.03052 0.0025724
278 1.523575 -1.267365 -0.329548
279 1.13159 -1.086715 -0.525314999999999
280 2.19272 -1.37952 1.01967
281 2.776395 -0.0988475 2.036915
282 2.66587 -0.922574999999998 0.70829
283 2.4105 -1.145305 0.84385
284 2.35975 -1.04177 1.87092
285 2.00362 -1.226445 2.13886
286 1.694395 -1.58265 2.421335
287 2.194205 -2.05075 2.75038
288 3.02227 -1.656195 2.324815
289 1.64394 -1.036735 2.98546
290 1.917065 -1.155965 2.607255
291 2.54837 -0.690395000000001 1.966845
292 2.17859 -1.75374 3.49165499999999
293 2.919405 -0.54106 1.757705
294 1.085275 -1.51366 2.54891
295 0.915109999999999 -0.964590000000001 2.39824
296 1.537275 -1.388795 2.0093
297 1.792 -0.1976 2.03553
298 2.19981 -1.58232 2.531175
299 2.695245 -1.348535 2.66669
300 3.387805 -1.654405 3.138635
301 2.79227 -1.496545 3.27163
302 2.609285 -1.88054 2.51454
303 3.09084 -1.966875 2.783705
304 2.6344 -2.05147 2.97999
305 3.38764000000001 0.4184375 1.659125
306 2.8942 -0.89245 1.37403
307 1.23098 -1.812405 3.147045
308 0.711650000000001 -0.630285000000001 2.185895
309 0.68622 -1.03237 2.044035
310 2.66498 -1.107755 1.420955
311 2.34318 -1.278265 1.5566
312 1.989615 -1.439895 1.58156
313 2.767255 -1.042315 1.14356
314 2.855075 0.493027 1.967005
315 0.845970000000001 0.180216 1.76293
316 3.22575 1.878915 0.94876
317 2.23751 1.268665 1.165855
318 2.26529 1.689435 1.619415
319 -0.58783 0.934404999999998 0.609855
320 -0.51695 0.86402 0.89761
321 -0.2213025 0.8689 0.992920000000002
322 -0.2332615 0.691039999999999 1.32319
323 0.1117865 0.604775 1.40302
324 -0.02169105 1.053845 0.84534
325 -2.464755 -1.67912 -1.341485
326 -2.35143 -1.82297 -1.59716
327 -2.448625 -1.922475 -1.888325
328 -2.36963 -2.20574 -2.58464
329 -2.325685 -2.044835 -2.234855
330 -2.308785 -1.70682 -2.60713
331 -2.67518 -1.588075 -2.23743
332 -2.01306 -2.169295 -2.43154
333 -2.059465 -2.010695 -2.857335
334 -2.86221 -1.09045 -2.045545
335 -2.664285 -1.46638 -1.428415
336 -2.715055 -1.396265 -1.740455
337 -2.93675 -1.343325 -1.24843
338 -2.93733 -1.466215 -0.919364999999999
339 -3.23178 -1.25655 -0.786015000000001
340 -1.974355 -1.257285 -2.35067
341 -2.42697 -1.019595 -2.307735
342 -2.049515 -0.961334999999998 -1.93675
343 -2.699085 -1.094 -1.78648
344 -2.601235 -0.851780000000002 -2.02569
345 3.01221 1.75636 1.37879
346 3.730615 1.871515 0.790055000000001
347 3.77975000000001 1.57445 0.357443
348 4.12787 2.184275 0.439123
349 4.64411 1.717745 0.1023805
350 3.12927 1.44967 1.643445
351 3.32861 1.63676 0.312708
352 3.025 1.340005 0.2458935
353 3.104115 0.916474999999998 0.1786125
354 3.609245 0.572514999999999 0.0550005
355 2.6844 0.810945 0.104165
356 3.924685 0.051849 0.1067775
357 2.3155 0.837275 0.1956625
358 4.052255 0.779394999999999 0.447974
359 3.80782499999999 1.012585 0.170835
360 0.326584 -0.941724999999998 2.00181
361 0.128692 -1.221525 1.474425
362 2.29703 -0.3642945 2.10234
363 2.37724 -0.0039326 1.956925
364 2.028725 0.0737565 1.84156
365 2.56705 0.290821 2.00855
366 2.49758 0.67811 1.90063
367 2.348975 1.074385 1.92505
368 2.115585 1.296075 1.651955
369 2.61259 1.307625 2.04583
370 2.5175 1.65178 2.060075
371 2.885985 1.42115 1.878975
372 2.48742 1.93697 1.807545
373 1.99106 1.973925 2.197495
374 1.932255 1.61472 1.92229
375 2.607715 1.794155 1.46536
376 2.0798 2.01842 1.793605
377 2.240295 1.744225 2.23609
378 2.35841 2.109485 2.13961
379 0.508965 0.73983 0.853369999999998
380 2.85459 0.193999 2.01952
381 3.11923 0.3167085 1.843065
382 3.12948 0.71744 1.763715
383 3.05018 -0.02686725 1.829925
384 3.298795 0.1081185 1.673795
385 3.71697500000001 0.1486145 1.50453
386 4.17100000000001 0.0455476 1.22368
387 3.769865 -0.4007585 1.265315
388 3.517895 0.844355 1.56131
389 3.50785500000001 -0.131144 1.21337
390 3.720045 0.02037475 0.849405000000001
391 4.39521500000001 0.369207 0.901054999999999
392 3.63657499999999 -0.155264 0.506275
393 3.294775 -0.459014 1.27972
394 3.206125 -0.616859999999999 0.987935
395 3.118275 -0.710654999999999 1.26742
396 3.142275 -0.552664999999999 1.53731
397 2.402305 -1.01096 0.557845
398 0.443948000000001 -1.40699 1.376155
399 0.61679 -1.45991 1.109235
400 1.018785 -1.55457 1.03547
401 0.619635000000001 -1.394065 1.626155
402 0.947534999999998 -1.467935 1.668475
403 1.112655 -1.57152 1.3748
404 1.383375 -1.63454 1.113685
405 0.787725 -1.282815 1.873855
406 1.046225 -1.438185 0.687944999999999
407 5.19155000000001 1.247765 0.518355
408 4.34072500000001 0.993524999999998 0.529064999999999
409 4.76821 1.101505 0.2340495
410 4.79071999999999 1.029935 0.717459999999999
411 4.45653 0.615795 0.59165
412 4.896365 0.330693 0.71063
413 5.17400000000001 -0.276849 0.6478
414 -1.128415 -2.091505 0.626625000000001
415 1.72138 -1.52375 1.21168
416 -0.4692835 -0.1416395 -1.189375
417 -0.28922 0.139953 -0.975235000000001
418 -0.250807 -0.195132 -0.97505
419 -0.176688 -0.4797595 -0.774255
420 0.0473302 -0.373639 -0.50339
421 3.488835 1.35135 1.51766
422 3.807055 1.599265 1.5145
423 4.21459 1.66189 1.359055
424 4.55136 1.95045 1.19738
425 3.689365 1.968615 1.32751
426 4.42317 1.294515 1.28849
427 4.83941 1.84709 0.89311
428 5.1211 1.48992 0.896934999999999
429 5.04575 1.715575 0.465279000000001
430 4.316075 2.141165 0.903089999999999
431 4.19045 1.725905 0.358048
432 4.43956 1.604575 1.113945
433 4.784395 1.96876 0.4422405
434 4.47781999999999 2.142335 0.423099499999999
435 4.765835 1.111655 1.128675
436 3.225865 2.3043 1.532325
437 4.2153 0.936385000000001 1.2638
438 3.874105 0.918785 1.43895
439 4.18738000000001 0.616495 1.08073
440 -3.06216 -0.753095 -0.2641375
441 -0.113177 -0.803430000000001 0.55161
442 -2.921865 -0.82648 0.260076
443 -2.987005 -1.171785 0.4258135
444 -2.882615 -1.51825 0.3902285
445 -3.204545 -1.840445 0.0459757
446 -2.719405 -0.556225 0.1803725
447 -2.892235 -0.562754999999999 0.474387
448 4.07056 1.41933 0.1328755
449 4.456835 1.3696 0.04218915
450 -0.539014999999999 0.86891 -0.2825255
451 3.00617 -2.113125 3.170845
452 3.185055 -1.837855 3.66719000000001
453 -1.70533 -2.035805 -1.898325
454 -1.401715 -2.14267 -2.077835
455 0.837854999999999 0.115541 0.755979999999999
456 3.88778999999999 1.914775 0.175209
457 1.894485 0.313 1.6912
458 2.094715 0.561235 1.682775
459 1.01461 -0.086256 0.6143
460 1.32183 0.0838595 0.589404999999999
461 1.52983 -0.1116935 0.4269775
462 1.903665 -0.0627235 0.437499000000001
463 1.978795 -0.3489145 0.2925995
464 2.21231 -0.572365 0.180688
465 2.56423 -0.4197615 0.186917
466 2.96156 -0.313861 0.3015605
467 2.687615 -0.0037383 0.161918
468 2.78775 -0.619365 0.39139
469 3.04679 -0.50469 0.550045000000001
470 3.21547 -0.2506115 0.475179000000001
471 3.02882 -0.722339999999999 0.76313
472 -0.71716 -0.1479255 1.411665
473 -0.783825 -0.488117000000001 1.16407
474 -0.510764999999999 -0.578745 1.391025
475 -0.5168 -0.316817 1.59349
476 4.27428999999999 -0.3408175 0.1849245
477 4.62023999999999 -0.562614999999999 0.653404999999999
478 4.310085 -0.414769 1.03778
479 3.99207 -0.681564999999999 0.392841
480 -0.723335000000001 -1.75456 -1.542965
481 -0.346067 -2.018865 -1.961105
482 -2.96797 -1.678725 0.146809
483 -3.02851 -1.864735 0.4802385
484 -2.80329 -1.443435 0.0591755
485 -2.707115 -1.26274 -0.1773015
486 -2.85803 -2.00983 -0.03773225
487 -2.95175 -1.067655 -0.29691
488 0.605895 -1.069445 0.01057885
489 0.64401 -1.240565 -0.2932105
490 0.879764999999999 -1.43523 -0.531025
491 0.742515000000001 -2.0497 -0.65077
492 0.642015000000001 -1.71199 -0.55344
493 0.583970000000001 -2.023315 -0.219588
494 0.944814999999998 -1.790085 -0.65624
495 1.14138 -2.14898 -0.51581
496 0.60164 -1.370155 -0.0236399
497 0.807855 -1.59062 0.0834595
498 -2.574195 -2.068555 0.1211
499 -2.392405 -1.8291 0.127034
500 0.4248595 -0.657995 2.07445
501 0.54716 -0.268916 2.09116
502 -1.798355 -2.12684 -2.19396
503 -1.106005 -0.189404 0.75192
504 -0.912330000000001 -0.413874 0.878084999999999
505 -0.96733 -0.2367 1.130295
506 -0.75459 -0.620564999999999 0.717124999999999
507 -0.571825 -0.71428 0.937394999999999
508 2.232885 -2.12873 3.212745
509 -3.19083 -0.364773 -0.294021
510 -2.93254 -0.1250705 -0.4795605
511 -3.709825 -0.4009045 -1.03872
512 -3.76479999999999 0.348226 -0.581390000000001
513 -3.330615 0.1572675 -0.465702500000001
514 -3.8549 -0.123014 -0.665835
515 -3.77787499999999 0.139544 -1.14975
516 -3.69904 -0.57802 -0.699895
517 -3.49733500000001 -0.882449999999999 -0.679515
518 -3.354815 0.0993255 -1.2615
519 -3.509595 0.772880000000001 -1.22596
520 -2.81993 0.62978 -0.931225000000001
521 -3.305155 0.788175000000001 -0.550075
522 -2.979765 0.2686705 -1.11664
523 -3.033275 0.3435565 -0.703110000000001
524 -3.12152 0.64212 -1.208515
525 -4.123755 1.183665 -0.570325
526 -3.162115 1.195665 -0.971595000000001
527 -3.80829 1.40978 -1.16065
528 -3.63259499999999 -0.770825 -0.955545000000001
529 -3.559605 1.306045 -0.567785000000001
530 -2.791255 0.1130895 -0.847065000000001
531 -3.50745000000001 -0.60122 -1.217475
532 -3.47750499999999 -0.242708 -1.26916
533 -3.406785 0.4394695 -1.19685
534 -3.77745 0.501675000000001 -1.280735
535 -3.92807 0.913139999999999 -1.227755
536 -3.89727000000001 0.786325 -0.58975
537 -4.43337 0.977810000000002 -0.991275000000002
538 -4.12676 0.474091 -0.783049999999999
539 1.19497 -0.678355 -0.51826
540 -3.19908 -1.22757 -1.10406
541 2.448045 1.505125 1.407165
542 2.263895 1.663805 1.0906
543 2.608185 1.984315 0.672280000000001
544 2.97755 2.079355 0.2509945
545 2.74135 1.692565 0.3113255
546 2.1277 1.72745 0.0638035
547 3.01986 1.83583 0.587804999999999
548 3.35069 1.97163 0.62466
549 2.866945 1.89788 0.909389999999998
550 2.60321 1.7118 0.85388
551 2.31946 1.831905 0.731
552 2.036835 2.57264 0.3269295
553 2.30621 2.06323 0.3292615
554 1.74776 1.94074 0.544834999999999
555 1.86769 2.15623 0.1013985
556 2.018925 1.80084 0.633039999999999
557 1.83015 1.44082 0.453101
558 2.043135 2.172055 0.575525000000001
559 -3.09125 0.853705000000001 -0.929089999999999
560 -3.17085 1.04854 -0.684794999999999
561 -3.250575 1.38258 -0.697139999999999
562 -3.359615 1.63485 -1.11922
563 -3.53543000000001 1.85801 -0.639905000000001
564 -3.29087 0.967939999999999 -1.13309
565 -3.61190500000001 1.113135 -1.19083
566 -3.920235 1.60641 -0.542149999999999
567 -4.526445 1.65957 -0.881540000000001
568 -0.72123 -0.053583 -1.333175
569 -0.83977 -0.3988355 -1.491935
570 -1.25158 -0.404615 -1.61163
571 -0.574064999999999 -0.4203255 -1.311595
572 -4.26412999999999 0.817385 -0.689425
573 3.25541 2.29135 0.423308499999999
574 -0.769735000000001 0.413459 -1.002565
575 -0.533365 0.53036 -0.840809999999999
576 1.804485 -1.40965 1.83827
577 2.10684 -1.306685 1.847295
578 3.998385 -0.62434 0.79275
579 4.32411 -0.739855 0.724275
580 4.37911 -0.614205 0.392567
581 4.67163499999999 -0.498143499999999 0.3461645
582 4.89346 -0.220815 0.4235945
583 4.694845 0.03780395 0.179474
584 5.03895 0.0367712 0.600565
585 5.0043 -0.1191715 0.922055
586 4.76121499999999 -0.402106 0.961780000000001
587 4.659795 0.070449 0.559329999999999
588 4.91513999999999 -0.455004499999999 0.63256
589 3.96624 -0.322229 0.978694999999998
590 4.31706 0.033207 0.088978
591 4.022075 -0.222041 1.26574
592 3.762145 -0.1228145 1.38158
593 4.136805 0.3130265 0.1657975
594 3.81865000000001 0.3507435 0.153782
595 3.84390500000001 0.649464999999999 0.2506075
596 3.50561999999999 0.2816645 0.1419795
597 3.311765 0.544955 0.199928
598 3.447825 0.863074999999998 0.1593165
599 3.581645 -0.072258 0.095392
600 3.16137 0.1735075 0.0456224
601 4.20707 0.515314999999999 0.3916685
602 3.07383 -0.0217673 0.2754285
603 1.29289 -0.0463402 1.80155
604 1.272705 -1.420525 2.2539
605 1.0897 -1.15874 2.208825
606 1.373095 -1.65782 2.464515
607 1.12408 -1.861185 2.61876
608 1.037995 -1.632865 2.892305
609 0.877565000000001 -1.27867 2.79753
610 1.080045 -0.916979999999999 2.972675
611 1.118755 -0.61327 2.664305
612 1.443265 -0.4678495 2.89605
613 1.32794 -1.109125 3.24206
614 1.65768 -1.37578 3.239815
615 1.39823 -0.774855000000001 3.098525
616 1.625725 -0.734154999999999 2.871845
617 1.85347 -0.820460000000001 2.631285
618 2.00421 -0.60927 2.391675
619 2.02948 -0.943950000000001 2.382975
620 1.802835 -0.379844 2.29764
621 1.51538 -0.332388 2.147885
622 1.21672 -0.2666245 2.05439
623 0.972225000000002 -0.451430500000001 2.142785
624 1.026465 -0.686405000000001 2.332425
625 1.471685 -0.360323 2.458175
626 1.149685 -2.16843 2.91916
627 1.589855 -2.11426 3.079615
628 1.878265 -1.96685 3.32289
629 1.89196 -1.62063 3.31277
630 1.95084 -1.376555 3.119305
631 2.207435 -1.4838 3.30059
632 2.51086 -1.553515 3.53628999999999
633 2.495955 -1.42515 3.178825
634 2.741065 -1.37594 2.980995
635 3.12035 -1.5071 2.75258
636 3.023685 -1.49981 3.054655
637 3.114635 -1.619615 3.38538
638 2.86056 -1.6332 3.672555
639 3.40663000000001 -1.745255 3.449325
640 3.32861 -1.98914 3.213535
641 3.14689 -2.091755 3.46501499999999
642 2.9263 -2.10858 3.79191
643 1.939215 -2.127945 3.010985
644 1.82391 -2.041355 2.65733
645 2.47443 -1.906785 3.68401
646 3.335305 -1.871745 2.93466
647 3.40893 -1.832585 2.48735
648 4.83307000000001 1.401955 0.01270035
649 5.21725000000001 1.11155 0.055179
650 0.807650000000001 -1.33515 0.535225000000001
651 -4.32965 0.672969999999999 -0.970445000000002
652 -4.22275999999999 0.865960000000001 -1.1776
653 -4.19641 1.27506 -1.14763
654 -4.141105 1.743485 -1.14039
655 -3.75705499999999 1.783615 -0.98451
656 -4.55734 1.32723 -1.05515
657 -4.62266 1.283485 -0.552135
658 -4.461095 1.057855 -0.69219
659 -4.72001 1.17337 -0.832005000000001
660 -4.965135 1.56624 -0.72279
661 -4.874205 1.41284 -1.003205
662 -2.167445 -1.653355 -0.8043
663 -0.347109 -0.704359999999999 0.370534
664 3.91846 2.20161 0.924005000000001
665 4.53507500000001 -0.1870095 0.02395485
666 0.2431425 -0.0740435 1.984645
667 0.2340005 0.292699 1.762635
668 -0.00135565 -0.296235 1.91035
669 -0.116492 0.3571135 1.70615
670 4.25709500000001 0.3334255 1.17074
671 -0.662775 -1.117065 -0.935195
672 -1.7278 -1.497735 1.14949
673 -1.55818 -0.670574999999999 -1.672395
674 2.212845 0.172369 0.09227
675 2.50809 0.2096125 0.04947745
676 2.69694 0.453357 0.04595
677 1.29932 -2.042355 -0.0194208
678 1.672985 -2.06095 0.1546175
679 0.98828 -2.12303 -0.187901
680 0.610365 -0.307189 0.311311
681 2.890785 0.219926 0.172278
682 2.06508 -1.88202 2.49747
683 1.13906 0.175201 1.611575
684 4.93968 1.64581 0.178548
685 5.10935000000001 1.38584 0.1552805
686 3.478515 -0.165064 0.799605
687 2.180755 -1.427245 1.331115
688 -2.04159 -1.476515 0.908635
689 2.34187 1.13874 0.1916585
690 2.331075 1.460325 0.091824
691 1.98604 1.413485 0.1241905
692 2.473895 1.782385 0.100168
693 1.733255 1.733095 0.180353
694 2.61448 1.985235 0.3024525
695 2.057295 0.817415 1.20912
696 4.74822 0.3529785 0.4195185
697 4.787655 0.625305000000001 0.6044
698 3.17971 1.08161 1.691655
699 -2.493655 -0.674585 0.654095
700 -4.310835 1.53507 -0.5709
701 -4.26891999999999 2.39238 -0.511485
702 -4.06592499999999 2.13929 -0.871295
703 -4.401495 1.97241 -0.587785
704 0.642950000000001 0.0111976 1.95424
705 0.541815 0.246441 1.77671
706 3.89814 -0.2788725 0.2735055
707 -0.837325 -1.163315 -1.19645
708 -0.934625 -0.987590000000001 -1.43542
709 -0.934785000000002 -0.695919999999999 -1.57178
710 -0.900130000000001 -1.322425 -0.93329
711 3.7142 1.178325 1.400775
712 1.410745 -1.546845 1.399395
713 1.319395 -1.48738 1.687855
714 -1.797245 -1.89152 1.26173
715 -1.83961 -2.08627 -2.66448
716 -1.524175 -1.900955 -2.70843
717 -1.466125 -1.54621 -2.59802
718 -0.79538 -1.60096 -2.66908
719 -1.15571 -1.75557 -2.728905
720 -1.114705 -1.411625 -2.35534
721 -0.7432 -2.16652 -2.836565
722 -0.4070415 -2.131165 -2.45476
723 -0.4597525 -1.653935 -2.293445
724 -0.86862 -1.84813 -2.904015
725 -0.320061 -1.822335 -2.900465
726 -1.0457 -2.071795 -2.72876
727 -1.323735 -2.11265 -2.5706
728 -0.600345000000001 -1.71166 -2.87232
729 -0.439605999999999 -1.78913 -2.594245
730 -0.558275 -1.98625 -3.000905
731 -0.392358 -2.088685 -2.760795
732 0.1214735 0.174936 -0.483942000000001
733 1.457145 -1.615875 3.23699
734 1.16536 -1.521555 3.22056
735 3.94145 2.053535 0.651260000000001
736 -1.29758 -2.137355 1.32563
737 -1.5864 -2.125105 1.17277
738 -1.287305 -2.123095 0.957574999999999
739 -0.64223 -1.84093 1.089085
740 -0.93544 -2.109205 1.152385
741 -1.06604 -1.659385 1.17459
742 -1.109505 -1.566555 0.730015
743 -0.795445000000001 -2.04242 0.804655
744 -1.597525 -2.06876 1.548085
745 -0.806179999999999 -1.699325 0.822240000000001
746 -1.43005 -2.09903 0.68622
747 -1.35078 -1.9132 0.3172725
748 -1.158125 -1.604815 0.357101
749 -1.015895 -1.898095 0.2602085
750 -0.767915 -2.01442 0.464945
751 -1.38551 -1.51644 1.261295
752 -1.189195 -1.71084 1.55537
753 -1.256625 -1.517805 0.988685
754 -1.39199 -1.393915 0.712579999999999
755 -1.01931 -1.99332 1.4633
756 -1.27293 -2.11253 1.67523
757 -1.461695 -1.85462 1.760485
758 -0.551905 -1.70488 -1.882495
759 -0.3425935 -1.87639 -1.58523
760 -0.574985 -2.103405 -1.711985
761 -0.639475000000001 -2.15494 -2.03282
762 -0.122883 -1.86367 -2.35807
763 -2.565315 -1.865705 -2.166445
764 -2.580485 -2.054775 -2.412935
765 -2.61842 -1.933585 -2.847755
766 1.465235 -1.93735 -0.640779999999999
767 1.847535 -2.05268 -0.525880000000001
768 2.50017 -1.87229 -1.007065
769 2.490575 -1.507355 -0.320236
770 2.114495 -1.863475 -0.80986
771 2.335325 -2.154975 -0.4659735
772 2.06768 -1.57082 0.230764
773 2.161665 -1.37579 -0.11608
774 2.23175 -2.1084 -0.114182
775 2.6208 -2.110965 0.151383
776 2.762455 -1.64505 0.068514
777 2.41558 -1.6077 -0.708399999999999
778 2.79845 -1.863245 -0.652075
779 2.167175 -1.403165 -0.4989825
780 1.732275 -1.721475 0.3006215
781 2.43788 -1.587085 0.23778
782 1.89264 -1.385745 -0.311708
783 2.985055 -1.754805 -0.281362
784 2.50842 -2.1627 -0.219761
785 2.971975 -1.98635 0.03330015
786 2.719935 -1.825335 0.454477000000001
787 1.526415 -1.640935 -0.567335
788 -2.719325 -2.07789 0.60394
789 -3.52974500000001 0.559995000000001 -0.527225
790 -3.602435 0.854534999999998 -0.554830000000001
791 -3.81326 1.081675 -0.5472
792 0.1543525 0.744339999999999 0.2734635
793 -4.15572 1.7957 -0.568795
794 -3.87573 1.88228 -0.701995
795 -3.008095 -1.04507 -1.35406
796 -2.779505 -0.84703 -1.50507
797 0.75591 -0.591175 -0.2637465
798 0.985479999999999 -0.4121555 -0.1094605
799 0.861625 -0.74522 -0.549515
800 -1.9888 -2.06219 0.382463
801 3.45829999999999 2.065805 1.54727
802 3.308645 2.131865 1.21118
803 3.141795 1.991315 1.563135
804 3.45495 1.86602 1.155005
805 2.785105 0.786860000000001 1.909225
806 0.964680000000001 -1.239755 2.511395
807 -1.24225 0.550385 0.248412
808 -1.02941 0.738754999999999 0.3547205
809 3.09308 2.12604 0.614685
810 -3.9396 0.1793405 -0.838000000000001
811 -3.86313 -0.0836775 -0.965115000000001
812 0.827415 -1.958875 2.852545
813 4.273325 2.006265 0.197391
814 2.6217 -0.386342 2.064375
815 3.78831 1.317175 0.192086
816 -2.46685 -1.23685 0.76545
817 -4.47821 2.07695 -1.00652
818 -3.15061 -2.100385 0.2630605
819 -4.91343499999999 1.284605 -0.629960000000001
820 -2.319215 -1.331245 -2.51159
821 -2.037885 -1.46472 -2.58617
822 -1.74893 -1.434765 -2.498175
823 -2.59823 -1.292735 -2.34932
824 -2.774 -0.985544999999998 -2.372685
825 5.18259999999999 1.039955 0.953669999999999
826 0.1577045 0.573790000000001 -0.09985
827 4.482465 0.99691 1.12807
828 4.225905 -0.900010000000002 0.4573245
829 2.0909 -0.1585505 2.023695
830 -0.908484999999999 0.350891 1.13703
831 2.34544 -2.13507 -0.82199
832 2.635695 -2.168005 -0.636875
833 2.75376 -2.048595 -0.912725000000002
834 3.274335 2.097935 0.1901465
835 -0.991520000000001 1.15318 -0.679225000000001
836 -0.937345000000001 1.144165 -0.360667
837 -1.089665 0.908830000000002 -0.2180975
838 -1.23718 -1.498125 -1.04337
839 1.725375 2.292255 0.4193095
840 -0.788590000000001 -1.5365 -2.324565
841 -0.644155 0.501950000000001 1.327595
842 2.073415 1.23633 0.585364999999999
843 2.034105 0.935020000000002 0.528645000000001
844 2.343685 1.23732 0.82325
845 1.816965 0.873315000000002 0.290147
846 2.4032 -1.85498 0.4112645
847 2.848285 1.089915 0.1992095
848 3.63462 0.547269999999999 1.48606
849 3.87045999999999 1.923835 1.07042
850 0.11211 -0.966654999999999 1.787895
851 0.859575 0.880794999999999 1.010735
852 1.0688 0.65367 0.996655000000001
853 2.94687 1.68886 1.66539
854 3.961545 1.873615 1.46386
855 -0.503819999999999 -1.787875 0.61308
856 -4.33659 2.3816 -0.868259999999999
857 2.72359 -1.67828 -0.4203185
858 -4.58601 2.27668 -0.632815000000001
859 -0.4658455 -0.75911 -0.234623
860 -2.762135 -0.57258 0.74638
861 -0.514284999999999 -0.963685000000002 -0.664675000000001
862 -1.484315 -0.2009135 -1.450685
863 2.81609 2.484535 0.453466000000001
864 0.9664 -0.87933 2.689315
865 1.856765 -2.15302 -0.177668
866 -3.67906499999999 -0.3299365 -0.509755
867 -3.63236999999999 0.00043785 -0.438613500000001
868 -3.36793 -0.1213215 -0.345998
869 0.4110645 -1.985005 -0.531055
870 4.97580499999999 1.326965 1.10512
871 -3.104045 0.63725 -0.7182
872 2.327345 1.16526 1.45333
873 -3.41473000000001 2.05683 -1.012055
874 -1.793185 -1.286625 -2.10467
875 -0.257071 -1.707545 -2.035675
876 2.877515 -2.05995 0.3216895
877 3.071795 -1.713845 0.3078875
878 3.021065 2.384595 0.2458845
879 -2.489015 -1.565255 -0.066029
880 -1.11661 -1.855195 1.88458
881 2.957595 2.185135 1.309625
882 2.1041 1.26318 1.96132
883 1.92551 2.452215 0.582825
884 3.59618 1.7643 0.1622275
885 -2.754205 -1.373085 -2.039645
886 3.94016499999999 0.2178355 1.31361
887 2.980505 -1.809405 3.929175
888 1.004795 -0.504960000000001 -0.725705
889 -0.182229 -0.997779999999999 1.34606
890 0.01494265 -1.18297 1.181415
891 1.691365 0.4635955 0.779285
892 -4.62459 1.60348 -0.5808
893 1.43674 0.1879115 1.556635
894 -0.3479095 0.882725000000001 -0.050195
895 -0.091252 0.87106 0.1276545
896 -3.150265 1.809265 -0.79978
897 -0.832184999999999 -1.79052 1.32633
898 -2.354775 -2.08546 -2.864205
899 3.10635 -1.92495 2.470035
900 1.328095 -1.33014 -0.569739999999999
901 3.573205 -0.3712825 0.25361
902 5.04255000000001 -0.0714855 0.1206515
903 -1.08887 -2.107525 -2.02144
904 -1.17809 -2.156555 -2.30765
905 2.5189 -1.574605 2.526345
906 2.386025 -1.36921 2.72549
907 1.91189 -1.37106 2.39117
908 2.022455 2.398185 2.03699
909 0.679625 0.391804 1.540875
910 -2.88911 0.824389999999999 -1.15025
911 -3.38979 1.32551 -1.13992
912 -0.710645 -2.17809 -2.52363
913 2.12335 2.291965 0.219659
914 2.79383 -2.005265 2.723565
915 3.281365 -1.536805 2.474905
916 -0.328144 -0.930209999999999 0.835675
917 5.10315 0.958055000000002 0.645585000000001
918 5.0973 1.008085 0.3312775
919 -2.56899 -0.3425985 -1.25663
920 0.1864965 -0.321563 -0.1157105
921 3.014445 -2.005345 -0.47105
922 4.404505 -0.142577 1.14932
923 -3.29645 2.103095 -0.690215
924 -0.997315 -1.90657 -1.569145
925 -2.1339 -1.030655 -2.222095
926 2.26195 2.262925 1.87974
927 -1.84603209452796 -0.136929972025794 -0.577705304384864
928 -1.35753652469223 0.013542165406731 0.302200750346101
929 -1.36743020651892 0.379945316064873 0.095905046708753
930 -0.717423033523831 0.012461431314284 -0.188385286679165
931 -1.69787060353037 -0.612228842216849 -0.883583057009304
932 2.65532513398356 0.191113566414574 1.00018774618683
933 0.747822668890333 -0.560617255701786 1.28191345584108
934 -0.272062795452186 0.115068052158265 0.682650636628296
935 2.07363901954792 -0.534424411962876 1.30034333801163
936 -2.12103612809736 -1.0326027318357 -0.333379166161727
937 -1.07824387772604 -0.14464127984379 0.004066278397812
938 -1.26446033010905 -0.379686454709856 -0.576046369385125
939 3.04132243983977 1.01528407686465 0.895982141079028
940 1.46328441990007 -0.750254681348578 0.942132343137132
941 0.292624895047987 -0.03144471227223 1.154815543442
942 -1.69871646638514 -0.245361346380353 -0.895960580595496
943 -1.09409366114141 0.228382380856702 -0.177117103936613
944 1.40088573979472 -0.796515360992283 1.64026685752892
945 -2.2993347930303 -1.06841207461711 -0.999830245926915
946 -2.82719406623644 -0.777394692615141 -0.804067569147744
947 3.22646063169277 0.403250259931448 0.861720683918961
948 -2.21397058251252 -1.58408078628999 -2.15394633395928
949 1.9133438427612 -1.668361594396 2.82276693718336
950 2.36358704439463 1.63017460598591 0.421375160562818
951 -3.30872634402404 -0.243628177835133 -0.813007670762181
952 -0.585209408922697 -0.353450666307369 -0.508178979515414
953 2.43305526967895 0.506150638579072 1.31866830100453
954 2.57555845799864 0.415227065764703 0.544238761167261
955 -1.16663865188484 -0.677017773331519 -1.03616840344452
956 1.11570012324221 -0.887978854385601 0.548126542941221
957 0.157290709281817 -0.255888494574271 0.650539886045095
958 -1.20254944523915 0.104901043594087 0.053423811303219
959 3.46584173879715 0.29058276870823 1.19341270545474