2591 4 0
1 107 45 106 945
2 906 298 287 949
3 83 938 927 942
4 315 933 704 941
5 379 934 226 941
6 89 938 937 952
7 141 673 142 931
8 227 321 324 228
9 318 368 882 374
10 177 319 894 113
11 666 933 188 668
12 672 737 751 714
13 381 305 384 959
14 62 98 128 955
15 885 343 336 948
16 742 741 753 738
17 147 209 219 956
18 698 421 388 939
19 78 7 710 955
20 168 938 574 943
21 617 604 296 290
22 440 509 28 946
23 737 753 751 738
24 200 822 502 948
25 774 767 865 212
26 382 939 388 947
27 47 88 50 937
28 186 110 276 957
29 415 712 271 944
30 51 49 58 937
31 200 874 822 948
32 530 523 522 951
33 108 506 663 934
34 929 57 10 958
35 669 667 5 941
36 32 11 96 94
37 390 593 601 264
38 791 790 565 529
39 548 834 573 174
40 384 932 381 959
41 409 685 407 918
42 429 410 428 427
43 375 370 372 318
44 204 952 17 955
45 733 608 606 307
46 566 655 794 563
47 211 772 846 781
48 895 319 894 934
49 711 257 358 939
50 389 384 385 959
51 66 39 65 943
52 74 483 482 183
53 23 326 200 948
54 244 241 695 953
55 116 575 115 930
56 565 526 560 564
57 286 682 298 949
58 159 932 471 935
59 808 943 930 958
60 733 289 613 614
61 409 349 648 449
62 319 179 320 934
63 935 940 415 944
64 347 456 735 431
65 843 274 254 251
66 124 934 171 958
67 511 528 531 951
68 362 814 291 935
69 330 328 765 898
70 218 272 269 940
71 323 934 180 941
72 488 225 206 956
73 233 167 920 234
74 658 656 657 700
75 136 172 688 63
76 93 94 11 936
77 668 189 5 941
78 402 405 164 944
79 545 543 694 950
80 128 931 101 936
81 389 196 384 932
82 239 891 251 254
83 488 224 225 956
84 925 107 343 342
85 134 688 137 136
86 529 655 527 566
87 874 140 342 948
88 42 931 34 936
89 844 847 352 939
90 315 705 909 941
91 890 205 161 933
92 331 885 104 948
93 535 538 651 18
94 466 468 469 932
95 488 497 209 220
96 233 226 232 934
97 840 903 904 9
98 421 350 345 939
99 137 133 746 21
100 778 831 777 768
101 864 616 611 610
102 408 448 449 158
103 69 70 835 91
104 110 441 161 957
105 96 485 81 879
106 181 800 182 135
107 9 758 840 79
108 19 100 919 946
109 439 670 390 391
110 646 637 636 640
111 695 244 458 242
112 385 848 886 959
113 617 624 605 611
114 457 238 154 241
115 147 278 219 279
116 200 72 502 822
117 909 237 236 941
118 214 940 459 956
119 938 942 169 955
120 535 790 519 565
121 81 879 485 936
122 690 149 545 950
123 141 931 78 955
124 342 200 326 948
125 274 843 845 251
126 912 723 840 9
127 658 525 700 657
128 669 5 126 941
129 734 289 608 613
130 135 136 134 81
131 671 861 204 955
132 644 286 197 949
133 239 939 844 953
134 202 720 173 79
135 142 131 141 931
136 522 523 518 951
137 691 842 689 690
138 187 401 398 933
139 911 655 527 529
140 606 614 733 949
141 677 495 222 679
142 508 645 194 292
143 497 209 219 279
144 272 273 146 940
145 549 550 547 939
146 826 233 234 232
147 360 309 187 933
148 931 942 938 955
149 503 934 48 937
150 530 522 61 951
151 864 289 610 806
152 238 457 154 246
153 811 513 867 951
154 147 798 209 216
155 12 32 30 936
156 81 96 484 63
157 758 903 9 761
158 16 66 168 68
159 596 392 356 594
160 353 939 847 954
161 804 421 316 939
162 415 940 712 944
163 3 446 73 699
164 909 455 237 941
165 563 655 873 562
166 228 321 179 934
167 290 198 630 949
168 243 853 350 345
169 465 463 160 932
170 582 585 584 587
171 429 349 431 433
172 92 116 450 943
173 180 934 379 941
174 346 351 316 548
175 366 247 805 242
176 871 522 533 524
177 583 581 476 665
178 526 559 560 564
179 811 532 515 518
180 862 4 570 955
181 529 526 911 561
182 237 893 683 933
183 930 938 937 943
184 840 903 9 79
185 361 199 850 933
186 109 228 792 934
187 800 136 134 135
188 166 130 105 945
189 893 237 238 940
190 271 312 415 944
191 629 627 733 949
192 388 421 711 939
193 453 72 200 201
194 195 935 311 284
195 120 72 502 454
196 321 109 180 934
197 112 455 226 957
198 268 397 160 935
199 844 542 317 243
200 286 289 606 949
201 227 321 109 180
202 46 64 82 938
203 20 77 15 936
204 59 102 531 946
205 793 654 566 700
206 124 808 123 934
207 162 406 650 956
208 275 797 539 798
209 889 114 199 941
210 233 934 145 957
211 336 343 342 948
212 239 953 241 954
213 484 81 63 74
214 927 64 42 931
215 293 363 383 932
216 830 175 176 934
217 140 105 200 139
218 808 807 8 943
219 164 605 296 944
220 39 67 65 943
221 379 122 231 229
222 357 240 355 954
223 363 814 362 935
224 202 173 454 201
225 238 935 932 953
226 822 170 502 948
227 427 263 424 432
228 110 205 225 933
229 516 528 511 951
230 431 410 432 408
231 329 23 502 948
232 890 114 957 161
233 346 248 849 711
234 514 811 867 951
235 224 488 209 956
236 836 70 69 837
237 638 645 642 887
238 441 110 186 957
239 446 3 447 442
240 673 570 4 955
241 675 240 254 954
242 114 890 957 889
243 667 666 5 941
244 446 699 96 11
245 401 402 208 933
246 632 304 194 508
247 808 930 124 958
248 266 940 153 956
249 142 673 45 931
250 457 241 244 953
251 129 838 131 931
252 457 935 238 953
253 538 512 534 536
254 807 808 124 958
255 427 434 148 433
256 90 937 50 938
257 57 929 807 958
258 391 922 670 386
259 872 939 247 953
260 681 947 256 954
261 631 287 633 508
262 553 556 546 950
263 368 369 882 367
264 774 772 865 211
265 51 937 928 958
266 54 931 20 936
267 267 160 463 935
268 241 953 932 954
269 19 185 43 919
270 224 216 223 956
271 722 723 761 481
272 353 847 355 954
273 574 66 68 168
274 704 501 666 933
275 178 837 69 450
276 721 729 724 912
277 264 590 587 476
278 462 674 467 255
279 107 341 344 925
280 416 418 38 952
281 107 326 325 335
282 890 361 165 933
283 469 470 466 932
284 539 279 209 799
285 237 893 238 154
286 620 625 190 150
287 503 171 111 934
288 132 94 93 936
289 412 696 411 697
290 699 446 96 3
291 779 771 212 770
292 432 347 346 431
293 478 922 586 260
294 287 631 633 198
295 314 245 365 366
296 41 43 185 942
297 239 842 844 843
298 795 24 796 945
299 9 723 758 761
300 347 735 346 431
301 79 203 924 202
302 142 139 131 45
303 97 96 63 484
304 393 396 196 932
305 30 12 26 32
306 33 444 97 74
307 243 350 698 939
308 2 101 6 936
309 531 528 59 951
310 415 687 280 935
311 46 56 47 937
312 673 141 71 955
313 119 201 454 453
314 802 345 316 804
315 19 185 919 35
316 65 943 10 958
317 199 933 889 941
318 81 94 96 63
319 219 272 218 956
320 711 804 346 939
321 92 70 69 91
322 690 545 149 692
323 38 568 416 952
324 443 442 96 31
325 358 439 438 947
326 524 519 559 564
327 283 268 397 269
328 139 142 141 140
329 486 482 183 74
330 402 933 405 944
331 12 93 11 936
332 322 176 321 934
333 906 304 287 905
334 854 422 849 423
335 623 152 622 933
336 92 837 39 943
337 557 546 556 950
338 933 455 957 941
339 271 296 576 713
340 755 880 752 756
341 388 438 848 947
342 172 800 688 181
343 847 939 844 954
344 390 264 601 391
345 19 185 35 43
346 316 243 345 549
347 138 688 118 137
348 33 499 135 74
349 736 741 752 755
350 484 879 81 74
351 38 416 417 418
352 682 302 298 287
353 55 99 10 958
354 14 736 751 752
355 287 298 682 949
356 286 907 290 949
357 636 304 634 914
358 327 326 23 948
359 579 479 828 578
360 414 748 749 747
361 304 451 301 194
362 545 694 692 950
363 377 318 372 370
364 256 676 681 954
365 185 44 86 942
366 215 254 891 462
367 254 932 462 954
368 504 506 48 934
369 132 81 94 936
370 393 265 394 932
371 74 483 444 482
372 243 550 549 939
373 674 462 467 954
374 40 4 862 942
375 318 377 372 376
376 595 593 601 594
377 55 937 56 958
378 57 807 124 958
379 632 508 194 292
380 304 303 451 914
381 605 616 611 864
382 689 842 844 950
383 147 209 539 279
384 838 931 128 955
385 734 609 613 608
386 462 215 238 891
387 382 932 959 305
388 151 882 369 367
389 403 933 402 944
390 658 656 537 659
391 655 566 654 527
392 409 685 684 407
393 862 942 931 955
394 440 487 144 946
395 513 515 811 512
396 704 933 666 941
397 408 448 815 347
398 706 599 392 356
399 226 941 934 957
400 132 2 81 936
401 438 939 358 947
402 653 525 700 658
403 537 525 658 572
404 632 304 301 194
405 248 408 358 347
406 802 803 345 804
407 485 76 487 946
408 283 280 270 935
409 431 410 429 427
410 571 569 80 955
411 920 167 29 930
412 432 410 827 408
413 849 854 249 425
414 432 735 430 431
415 849 735 664 430
416 62 90 89 52
417 448 408 815 158
418 283 268 269 935
419 309 295 624 308
420 914 635 899 288
421 254 215 891 251
422 61 530 100 522
423 598 358 359 257
424 106 931 185 945
425 781 775 211 774
426 933 315 603 683
427 287 304 633 508
428 362 620 193 618
429 185 931 44 942
430 467 932 602 954
431 752 736 756 744
432 99 56 46 937
433 695 458 244 953
434 453 72 454 502
435 331 820 823 948
436 197 627 644 949
437 698 371 350 247
438 285 576 296 944
439 128 129 6 931
440 527 525 566 653
441 381 384 383 932
442 221 490 278 900
443 826 732 234 930
444 463 932 462 935
445 624 864 605 611
446 928 57 51 958
447 98 861 671 955
448 733 608 307 734
449 844 843 357 239
450 712 940 403 944
451 99 943 65 958
452 266 277 219 956
453 311 270 687 935
454 598 358 257 947
455 640 636 646 451
456 202 480 924 79
457 79 903 203 202
458 482 486 818 445
459 190 624 623 944
460 101 931 6 936
461 105 45 342 107
462 546 554 555 693
463 438 155 848 959
464 72 201 454 173
465 200 342 326 140
466 545 550 543 950
467 296 190 619 944
468 674 675 254 954
469 462 891 238 932
470 186 663 441 957
471 899 914 288 302
472 899 635 915 288
473 361 890 889 933
474 637 194 451 641
475 86 85 84 942
476 8 930 808 943
477 932 953 939 954
478 218 267 153 940
479 199 668 188 933
480 690 545 692 950
481 683 893 603 933
482 302 635 288 299
483 612 615 611 616
484 482 483 445 818
485 541 369 371 370
486 383 396 293 932
487 333 328 330 898
488 330 763 764 329
489 328 330 765 764
490 45 142 140 342
491 339 1 338 946
492 298 907 286 949
493 143 29 420 952
494 517 528 516 951
495 88 47 49 937
496 531 102 61 951
497 751 736 741 752
498 494 495 679 491
499 566 654 653 700
500 261 411 601 391
501 228 321 324 179
502 562 563 529 561
503 134 21 747 133
504 186 29 95 934
505 763 329 330 948
506 890 957 933 161
507 844 695 239 953
508 733 307 606 197
509 737 751 714 14
510 285 577 576 944
511 111 505 504 934
512 644 643 287 949
513 643 628 508 949
514 589 922 591 478
515 546 690 692 950
516 864 289 616 610
517 782 772 773 217
518 207 787 278 217
519 306 310 195 935
520 467 466 602 932
521 416 17 418 952
522 36 945 919 946
523 768 832 778 831
524 782 774 212 773
525 38 938 568 952
526 293 932 395 935
527 839 913 883 558
528 122 231 909 941
529 219 277 147 956
530 403 402 713 944
531 195 291 293 935
532 50 90 47 937
533 657 567 892 700
534 909 231 455 941
535 708 78 707 955
536 94 136 63 81
537 369 368 318 541
538 532 61 518 951
539 96 485 879 484
540 154 893 457 244
541 370 375 541 318
542 244 458 457 953
543 73 860 3 699
544 805 242 872 953
545 530 510 523 951
546 123 320 176 934
547 688 21 800 137
548 849 735 346 664
549 205 890 161 165
550 309 164 405 944
551 341 334 344 824
552 657 659 819 892
553 442 446 11 32
554 10 99 65 958
555 679 213 494 221
556 885 341 343 925
557 680 223 112 957
558 707 80 708 955
559 46 937 47 938
560 331 823 885 948
561 152 501 704 933
562 245 932 363 935
563 391 390 439 601
564 260 477 478 587
565 43 27 30 936
566 870 410 263 428
567 551 556 553 950
568 362 291 193 935
569 284 935 577 944
570 337 338 103 945
571 337 795 540 946
572 341 820 925 948
573 70 836 69 835
574 802 801 436 803
575 864 289 605 616
576 341 344 885 343
577 774 212 773 779
578 800 181 182 184
579 626 197 307 627
580 724 721 912 726
581 653 791 525 535
582 602 932 470 947
583 52 859 861 952
584 849 854 423 249
585 59 540 795 946
586 95 930 663 934
587 441 916 161 114
588 894 319 177 934
589 826 233 232 934
590 686 389 390 959
591 71 141 78 955
592 42 931 84 942
593 903 758 79 203
594 938 952 861 955
595 393 932 686 265
596 327 763 104 948
597 837 178 69 836
598 219 218 277 266
599 723 9 722 761
600 454 720 72 173
601 358 598 595 947
602 254 357 843 954
603 219 273 272 956
604 398 165 361 933
605 309 933 623 944
606 689 690 842 950
607 14 736 744 737
608 595 598 354 597
609 775 781 211 846
610 50 88 89 937
611 53 745 750 855
612 201 119 454 202
613 205 399 165 162
614 936 94 32 485
615 656 658 537 653
616 188 199 189 668
617 180 379 227 229
618 268 160 267 935
619 204 17 571 955
620 358 439 437 438
621 455 231 226 941
622 434 427 431 433
623 108 663 506 13
624 577 193 284 944
625 364 246 457 935
626 35 85 41 86
627 430 424 249 432
628 439 411 391 601
629 171 934 51 958
630 264 593 601 261
631 741 736 740 755
632 392 596 356 599
633 531 946 102 951
634 630 198 631 949
635 349 410 429 431
636 834 547 809 544
637 352 547 351 545
638 653 652 572 537
639 526 565 911 564
640 527 791 535 565
641 88 48 108 49
642 286 606 197 949
643 128 931 90 955
644 462 932 238 935
645 774 769 779 773
646 269 267 218 940
647 382 947 388 959
648 244 241 457 154
649 400 208 403 933
650 927 84 83 942
651 280 935 269 940
652 587 922 260 391
653 542 550 844 253
654 532 531 61 951
655 373 926 376 908
656 61 532 102 531
657 695 844 239 317
658 104 326 327 948
659 287 906 198 633
660 616 605 611 617
661 507 474 114 957
662 809 834 573 548
663 843 689 252 842
664 737 14 714 744
665 412 411 391 697
666 216 224 223 798
667 177 319 123 934
668 219 221 497 278
669 21 688 800 184
670 432 735 849 430
671 611 612 150 625
672 62 938 98 955
673 48 503 504 934
674 326 335 336 104
675 768 832 833 778
676 66 938 168 943
677 387 589 592 591
678 915 899 288 647
679 539 797 799 209
680 686 932 389 947
681 84 42 43 931
682 78 931 838 955
683 237 459 238 940
684 45 105 342 139
685 267 463 153 940
686 937 938 930 952
687 867 868 866 951
688 1 22 338 945
689 346 351 548 347
690 169 938 37 942
691 238 459 460 940
692 357 254 240 954
693 919 100 36 946
694 644 682 286 949
695 930 943 937 958
696 453 200 502 23
697 536 538 572 651
698 631 629 630 949
699 60 946 517 951
700 478 578 589 264
701 260 477 586 478
702 390 593 594 601
703 57 55 10 958
704 589 922 478 264
705 906 304 633 287
706 543 550 551 950
707 773 779 212 782
708 239 241 254 954
709 370 368 882 318
710 751 736 738 741
711 93 34 25 936
712 30 27 12 936
713 844 352 149 545
714 30 485 487 946
715 44 4 40 942
716 186 95 663 934
717 132 77 101 936
718 622 152 603 933
719 51 48 49 937
720 337 24 795 945
721 62 128 77 90
722 258 248 711 437
723 736 14 751 737
724 375 853 250 371
725 782 787 212 217
726 278 217 277 219
727 219 206 488 220
728 860 73 3 447
729 200 72 822 874
730 237 683 236 933
731 218 153 266 940
732 376 926 378 372
733 43 931 42 936
734 457 458 245 953
735 347 548 346 174
736 464 268 160 267
737 662 22 2 936
738 709 71 708 955
739 89 95 859 952
740 879 96 484 81
741 95 930 89 937
742 1 485 76 487
743 395 396 393 932
744 86 84 41 942
745 80 204 571 955
746 920 930 29 934
747 410 263 427 432
748 613 609 191 610
749 101 2 132 936
750 107 24 336 335
751 345 157 804 803
752 775 776 210 784
753 781 769 774 773
754 493 492 163 679
755 786 775 846 776
756 195 293 306 935
757 769 771 784 774
758 904 726 727 719
759 142 45 131 931
760 550 243 844 939
761 30 936 485 946
762 330 715 332 333
763 9 718 840 912
764 720 717 454 72
765 45 673 4 931
766 739 741 740 897
767 734 289 733 608
768 263 410 427 428
769 166 325 103 945
770 156 596 597 947
771 455 933 237 941
772 705 666 667 941
773 81 2 76 936
774 245 365 380 953
775 262 479 578 828
776 679 221 494 163
777 253 556 551 950
778 220 209 488 219
779 462 932 467 954
780 61 100 530 951
781 510 946 509 951
782 847 689 357 844
783 20 931 77 936
784 360 850 500 933
785 881 803 802 436
786 390 670 386 391
787 369 247 541 371
788 435 263 432 426
789 849 425 804 422
790 95 29 859 952
791 470 686 156 947
792 419 127 418 952
793 934 937 51 958
794 825 410 435 870
795 110 933 276 957
796 238 215 461 460
797 160 463 464 267
798 42 34 27 936
799 494 490 221 213
800 47 937 90 938
801 78 710 707 955
802 47 56 58 937
803 220 221 219 207
804 389 947 932 959
805 64 54 46 34
806 19 946 510 951
807 147 798 216 539
808 296 619 907 285
809 441 507 114 957
810 219 147 279 209
811 790 564 560 521
812 476 477 580 581
813 300 635 646 636
814 389 387 589 592
815 410 870 263 435
816 667 323 122 941
817 162 933 400 956
818 71 142 141 673
819 128 7 838 955
820 200 72 140 201
821 865 772 217 780
822 161 933 110 957
823 905 304 634 633
824 287 905 298 906
825 905 304 287 302
826 439 411 258 391
827 237 933 459 940
828 815 358 359 408
829 390 670 886 386
830 358 248 711 258
831 432 408 347 431
832 299 288 302 905
833 492 490 163 494
834 619 296 907 290
835 474 199 114 941
836 617 604 605 296
837 32 12 11 936
838 621 622 603 944
839 706 590 356 264
840 392 706 356 264
841 927 83 64 938
842 485 96 32 31
843 223 276 225 933
844 64 938 931 942
845 238 457 246 935
846 111 934 175 830
847 479 476 264 580
848 195 284 291 935
849 490 221 497 163
850 439 358 437 258
851 68 16 574 168
852 410 432 827 435
853 616 289 605 617
854 120 717 170 822
855 173 903 454 904
856 9 718 719 840
857 608 289 294 613
858 37 66 168 75
859 30 440 32 28
860 36 100 61 946
861 111 503 504 505
862 432 424 249 423
863 932 393 686 389
864 514 866 511 951
865 391 922 386 264
866 670 439 390 886
867 895 826 792 934
868 38 168 568 938
869 296 576 713 944
870 76 879 81 936
871 178 8 837 450
872 233 920 145 934
873 473 505 472 934
874 241 932 891 954
875 734 609 191 613
876 180 109 379 934
877 57 171 958 124
878 462 935 238 940
879 168 938 38 952
880 513 515 533 518
881 630 614 289 949
882 367 872 247 242
883 289 604 617 290
884 844 149 689 950
885 96 485 484 31
886 484 443 444 97
887 442 11 96 32
888 287 905 302 298
889 678 217 207 780
890 566 655 654 794
891 167 233 920 145
892 338 540 339 946
893 647 635 646 915
894 98 938 861 955
895 326 107 342 336
896 197 606 733 949
897 351 352 257 939
898 348 813 431 456
899 292 304 633 632
900 905 634 906 633
901 592 390 389 886
902 886 591 592 390
903 748 53 414 749
904 82 83 66 938
905 848 947 438 959
906 575 116 92 930
907 297 621 603 944
908 382 305 381 932
909 238 893 246 154
910 227 321 180 324
911 929 67 8 943
912 886 591 390 386
913 115 127 732 930
914 754 748 742 133
915 37 66 83 168
916 746 137 672 754
917 582 585 587 588
918 58 928 51 937
919 822 72 120 717
920 134 688 800 137
921 674 254 462 954
922 62 128 90 955
923 394 265 469 932
924 53 748 414 742
925 382 947 932 953
926 754 746 133 742
927 742 746 414 738
928 414 743 750 745
929 108 663 95 930
930 379 231 122 941
931 503 111 504 934
932 90 938 62 955
933 145 934 920 957
934 931 938 90 955
935 726 718 724 719
936 721 728 731 730
937 16 92 91 68
938 120 716 715 170
939 554 553 546 555
940 122 941 705 667
941 99 938 82 943
942 48 108 49 937
943 9 718 912 726
944 842 691 689 252
945 719 720 840 718
946 122 323 379 941
947 904 720 840 719
948 924 758 480 203
949 135 788 33 74
950 787 207 221 677
951 596 354 595 594
952 788 135 33 182
953 256 947 353 954
954 30 440 487 32
955 104 336 326 948
956 345 350 243 939
957 895 792 228 934
958 516 511 866 951
959 645 194 638 642
960 260 477 587 586
961 194 638 301 632
962 608 289 606 294
963 253 557 556 950
964 371 541 350 247
965 400 403 404 712
966 557 691 693 546
967 872 317 844 953
968 43 42 27 936
969 217 865 212 782
970 782 774 865 212
971 675 674 254 240
972 604 289 286 290
973 410 429 407 409
974 426 258 827 437
975 631 508 629 949
976 78 7 838 710
977 383 932 245 953
978 319 113 228 895
979 511 811 514 951
980 576 271 713 944
981 547 316 549 939
982 896 563 873 562
983 911 562 529 561
984 893 154 457 246
985 844 939 239 954
986 522 533 518 523
987 273 404 415 940
988 420 127 419 952
989 594 156 596 392
990 153 940 214 956
991 622 933 603 944
992 536 534 789 512
993 507 473 474 934
994 660 567 892 661
995 560 871 521 559
996 526 565 560 529
997 361 889 199 933
998 243 853 541 350
999 214 461 460 940
1000 467 602 681 954
1001 37 40 862 942
1002 381 932 305 959
1003 16 66 68 75
1004 472 111 125 934
1005 117 826 895 934
1006 24 337 335 945
1007 808 930 177 934
1008 235 122 231 909
1009 774 772 781 773
1010 932 935 245 953
1011 366 805 314 953
1012 776 775 210 785
1013 842 557 253 950
1014 358 598 359 595
1015 223 459 112 933
1016 347 248 432 346
1017 441 916 114 13
1018 44 185 106 931
1019 493 491 492 494
1020 306 313 310 935
1021 525 653 700 566
1022 651 535 18 652
1023 527 791 566 525
1024 346 711 257 347
1025 689 843 844 842
1026 663 934 13 957
1027 597 600 681 256
1028 37 862 169 942
1029 474 934 475 941
1030 535 790 536 519
1031 264 477 476 587
1032 806 289 610 294
1033 296 605 190 944
1034 321 228 109 934
1035 82 938 66 943
1036 155 439 390 959
1037 131 931 45 945
1038 537 525 572 653
1039 541 853 371 350
1040 45 139 131 945
1041 619 620 618 193
1042 188 501 500 933
1043 2 22 76 936
1044 514 811 512 867
1045 193 577 285 944
1046 891 254 241 954
1047 83 84 85 942
1048 290 906 949 298
1049 289 609 294 613
1050 194 645 638 632
1051 147 798 539 209
1052 606 607 608 294
1053 465 463 255 464
1054 463 465 160 464
1055 465 463 462 255
1056 577 312 576 944
1057 389 592 886 959
1058 96 485 32 94
1059 839 913 558 555
1060 567 793 700 654
1061 658 656 700 653
1062 659 660 661 819
1063 703 858 856 817
1064 582 477 581 588
1065 656 658 657 659
1066 476 477 581 587
1067 6 129 130 945
1068 391 696 411 412
1069 388 848 305 959
1070 34 93 12 936
1071 46 82 99 938
1072 477 264 579 478
1073 106 36 796 945
1074 264 477 587 478
1075 583 582 259 902
1076 587 922 391 264
1077 706 590 264 476
1078 587 922 478 260
1079 587 585 260 586
1080 264 391 587 261
1081 707 710 671 955
1082 394 469 471 932
1083 366 458 242 953
1084 74 498 183 486
1085 502 170 332 948
1086 107 325 105 945
1087 391 696 412 587
1088 349 410 431 409
1089 349 410 409 429
1090 927 938 64 942
1091 245 935 364 953
1092 455 941 226 957
1093 646 637 640 300
1094 539 797 209 798
1095 311 310 270 935
1096 928 937 55 958
1097 417 930 575 952
1098 535 525 653 652
1099 834 547 544 351
1100 809 834 544 573
1101 174 351 347 548
1102 347 358 257 815
1103 171 124 175 934
1104 893 933 237 940
1105 547 834 809 548
1106 269 280 283 935
1107 806 295 864 605
1108 864 624 605 295
1109 623 308 309 624
1110 307 197 733 627
1111 579 479 578 580
1112 608 626 607 307
1113 475 189 474 941
1114 209 497 496 489
1115 502 715 332 170
1116 874 342 925 948
1117 279 497 209 489
1118 358 248 347 711
1119 463 462 153 940
1120 199 188 850 933
1121 247 939 698 953
1122 653 791 535 527
1123 74 483 33 444
1124 566 654 527 653
1125 800 172 135 181
1126 442 443 96 3
1127 957 890 933 889
1128 96 443 97 3
1129 512 515 534 533
1130 409 685 649 648
1131 80 671 204 955
1132 821 170 822 948
1133 929 10 67 943
1134 326 336 342 948
1135 723 912 718 729
1136 366 247 242 367
1137 43 931 185 942
1138 155 390 439 886
1139 356 390 392 264
1140 8 67 39 943
1141 358 439 411 258
1142 596 595 354 597
1143 390 594 596 595
1144 409 158 408 449
1145 781 775 776 846
1146 551 553 543 950
1147 25 15 93 936
1148 45 105 139 945
1149 671 710 98 955
1150 440 28 30 946
1151 87 66 37 75
1152 777 770 768 831
1153 222 217 677 678
1154 462 254 891 932
1155 468 932 160 935
1156 718 9 719 726
1157 432 248 426 423
1158 273 406 400 940
1159 844 842 253 950
1160 776 769 774 781
1161 779 771 769 774
1162 395 471 394 159
1163 848 155 886 959
1164 168 75 16 37
1165 822 120 502 170
1166 289 290 630 949
1167 329 327 23 948
1168 733 614 629 949
1169 120 717 72 454
1170 438 439 437 155
1171 886 670 439 155
1172 385 389 196 384
1173 453 72 502 200
1174 578 828 579 262
1175 587 590 583 476
1176 771 779 212 774
1177 6 936 931 945
1178 372 377 370 378
1179 930 937 934 958
1180 373 926 378 376
1181 611 615 610 616
1182 289 608 606 733
1183 638 194 301 637
1184 373 926 908 378
1185 2 6 662 936
1186 264 579 478 578
1187 867 866 514 951
1188 358 595 390 947
1189 564 790 519 521
1190 46 47 90 938
1191 652 525 653 572
1192 706 590 476 356
1193 587 590 261 583
1194 411 696 587 261
1195 825 410 407 917
1196 627 629 733 628
1197 253 551 550 950
1198 689 149 690 950
1199 842 690 691 950
1200 848 385 886 155
1201 501 308 500 933
1202 355 676 256 954
1203 470 156 686 392
1204 737 672 751 753
1205 577 935 312 944
1206 128 98 7 955
1207 290 604 907 286
1208 228 179 319 934
1209 237 455 459 933
1210 121 126 472 934
1211 664 249 849 430
1212 234 930 920 934
1213 668 199 189 941
1214 379 235 229 231
1215 488 497 496 209
1216 497 490 489 279
1217 233 112 226 957
1218 12 27 34 936
1219 214 153 461 940
1220 415 404 712 940
1221 885 336 104 948
1222 399 162 205 933
1223 34 931 54 936
1224 389 385 196 592
1225 934 941 474 957
1226 40 85 86 942
1227 276 933 223 957
1228 862 931 4 955
1229 331 763 330 948
1230 599 156 392 596
1231 400 712 404 940
1232 236 683 315 933
1233 461 462 238 940
1234 165 205 890 933
1235 809 878 863 573
1236 273 400 404 940
1237 146 269 272 940
1238 659 567 656 661
1239 143 861 859 952
1240 535 538 18 534
1241 691 690 546 950
1242 631 629 508 292
1243 105 325 166 945
1244 289 604 286 606
1245 51 48 503 49
1246 611 150 617 190
1247 309 624 295 605
1248 190 617 611 624
1249 190 617 624 605
1250 29 930 420 952
1251 460 461 238 940
1252 455 933 957 112
1253 19 919 43 946
1254 147 224 209 956
1255 147 216 224 956
1256 107 105 45 945
1257 547 351 316 939
1258 406 940 273 956
1259 132 15 77 936
1260 501 152 623 933
1261 77 931 128 936
1262 738 741 753 751
1263 723 9 758 840
1264 912 723 722 729
1265 80 569 709 955
1266 105 130 139 945
1267 504 473 507 934
1268 210 783 785 921
1269 370 368 369 882
1270 912 723 9 722
1271 556 554 693 557
1272 87 83 85 942
1273 192 610 611 615
1274 174 351 548 834
1275 919 19 35 100
1276 906 304 905 633
1277 78 141 131 931
1278 668 933 199 941
1279 185 945 43 946
1280 493 494 492 679
1281 330 332 328 333
1282 9 726 904 719
1283 893 940 246 944
1284 711 421 804 939
1285 733 627 197 949
1286 86 44 40 942
1287 370 250 375 372
1288 155 947 439 959
1289 567 657 659 656
1290 130 129 131 945
1291 406 273 219 956
1292 358 939 257 947
1293 430 427 424 432
1294 340 820 821 948
1295 939 953 239 954
1296 376 377 378 373
1297 861 98 52 938
1298 70 39 92 837
1299 684 409 407 429
1300 529 560 526 561
1301 564 790 560 565
1302 653 567 656 700
1303 220 221 497 219
1304 865 217 678 780
1305 804 157 801 803
1306 931 936 43 945
1307 702 793 654 794
1308 567 793 703 700
1309 804 801 425 802
1310 389 932 384 959
1311 41 185 86 942
1312 861 952 204 955
1313 234 167 920 930
1314 414 748 747 742
1315 583 581 259 582
1316 587 477 588 586
1317 582 585 413 584
1318 581 587 583 476
1319 551 553 556 558
1320 553 554 558 555
1321 758 203 760 480
1322 59 795 102 946
1323 903 758 9 79
1324 722 723 762 729
1325 758 723 481 761
1326 379 180 227 109
1327 553 554 556 558
1328 388 947 848 959
1329 122 235 231 229
1330 61 946 100 951
1331 930 938 574 952
1332 239 891 241 251
1333 351 346 316 257
1334 843 357 239 954
1335 314 365 245 953
1336 340 874 925 948
1337 169 942 862 955
1338 297 603 246 944
1339 699 446 73 11
1340 904 840 9 719
1341 723 758 481 875
1342 762 723 481 875
1343 903 720 840 904
1344 44 45 4 931
1345 568 938 169 955
1346 517 339 59 946
1347 20 931 54 938
1348 465 462 463 932
1349 471 395 394 932
1350 920 934 186 957
1351 485 936 76 946
1352 919 945 185 946
1353 885 823 341 948
1354 107 105 326 342
1355 337 945 795 946
1356 214 223 216 956
1357 309 308 623 933
1358 937 938 99 943
1359 488 206 219 956
1360 383 293 396 196
1361 743 745 855 750
1362 729 728 724 718
1363 207 217 219 780
1364 608 626 812 607
1365 113 895 319 894
1366 283 397 268 935
1367 906 290 949 198
1368 274 843 357 845
1369 39 70 91 68
1370 434 427 148 430
1371 276 145 186 957
1372 347 735 174 346
1373 186 934 663 957
1374 349 429 409 684
1375 210 783 921 857
1376 906 287 198 949
1377 508 628 629 949
1378 432 435 426 827
1379 88 49 108 937
1380 128 77 90 931
1381 121 322 323 941
1382 879 2 76 81
1383 94 132 15 136
1384 553 554 546 556
1385 103 338 22 945
1386 405 933 309 944
1387 879 499 81 74
1388 54 931 64 938
1389 889 941 933 957
1390 541 853 375 371
1391 414 53 750 749
1392 395 932 159 935
1393 390 947 686 959
1394 226 231 379 941
1395 634 905 906 299
1396 194 452 642 641
1397 96 97 816 3
1398 137 688 118 672
1399 164 296 713 944
1400 546 554 693 556
1401 845 357 252 843
1402 96 442 32 31
1403 96 446 442 3
1404 302 635 299 914
1405 914 905 299 302
1406 839 552 913 555
1407 304 905 634 914
1408 736 751 738 737
1409 309 623 624 944
1410 744 752 14 757
1411 61 102 36 946
1412 474 889 114 199
1413 798 224 797 209
1414 278 490 279 900
1415 219 497 279 278
1416 212 222 787 767
1417 278 147 219 277
1418 734 609 608 191
1419 282 397 283 935
1420 193 285 619 944
1421 247 382 805 953
1422 169 569 568 955
1423 803 881 802 345
1424 264 391 261 601
1425 390 391 386 264
1426 144 1 339 946
1427 663 930 108 934
1428 76 936 22 945
1429 72 200 140 874
1430 907 604 296 286
1431 454 720 173 904
1432 604 606 289 294
1433 605 619 617 296
1434 432 258 827 426
1435 409 410 431 408
1436 409 408 431 449
1437 411 358 258 408
1438 336 107 342 343
1439 326 335 104 325
1440 24 107 336 343
1441 713 271 712 944
1442 849 711 804 346
1443 408 248 432 347
1444 432 849 423 249
1445 430 849 432 249
1446 342 140 200 948
1447 246 940 935 944
1448 8 177 808 894
1449 711 438 388 939
1450 845 357 274 252
1451 399 400 162 933
1452 843 689 844 357
1453 930 167 127 732
1454 405 402 401 933
1455 847 689 355 357
1456 463 935 462 940
1457 731 728 725 730
1458 524 871 559 533
1459 519 559 564 521
1460 774 772 773 865
1461 522 871 533 523
1462 597 596 595 947
1463 160 932 463 935
1464 795 796 36 946
1465 272 940 218 956
1466 777 832 778 771
1467 698 350 421 939
1468 420 930 127 952
1469 303 636 451 646
1470 17 419 418 952
1471 304 636 634 301
1472 363 365 383 245
1473 293 363 281 383
1474 340 821 822 948
1475 611 150 190 625
1476 190 150 617 618
1477 150 611 617 616
1478 318 151 370 374
1479 19 43 30 946
1480 326 107 336 335
1481 795 945 796 946
1482 16 68 574 92
1483 795 36 102 946
1484 254 843 239 954
1485 72 453 454 201
1486 788 498 183 74
1487 202 119 203 924
1488 459 933 223 956
1489 36 795 102 796
1490 893 237 683 154
1491 440 144 517 946
1492 487 1 144 946
1493 695 317 872 953
1494 427 430 431 432
1495 90 77 20 931
1496 289 614 606 949
1497 885 925 343 948
1498 912 723 718 840
1499 574 930 92 943
1500 717 720 454 904
1501 726 718 912 724
1502 309 164 605 405
1503 467 462 255 465
1504 362 829 363 935
1505 698 939 382 953
1506 37 938 83 942
1507 574 66 168 943
1508 8 894 808 930
1509 287 508 631 949
1510 340 925 820 948
1511 92 930 116 943
1512 233 234 920 934
1513 167 930 127 420
1514 39 837 8 943
1515 448 359 158 815
1516 929 8 807 943
1517 431 735 430 348
1518 348 430 431 434
1519 349 409 648 684
1520 456 347 174 884
1521 512 513 533 789
1522 43 945 30 946
1523 388 305 382 959
1524 504 507 506 934
1525 60 951 868 509
1526 323 379 180 229
1527 399 208 400 933
1528 592 390 589 389
1529 390 591 592 589
1530 386 390 264 589
1531 470 156 602 947
1532 788 498 135 183
1533 100 946 19 951
1534 677 679 213 495
1535 513 868 867 951
1536 557 546 693 556
1537 859 29 143 952
1538 511 516 866 514
1539 334 885 341 344
1540 363 932 293 935
1541 623 622 190 944
1542 83 37 168 938
1543 623 933 622 944
1544 129 931 131 945
1545 510 28 509 946
1546 304 303 636 451
1547 792 232 109 226
1548 598 257 353 939
1549 805 872 247 953
1550 933 940 400 956
1551 56 937 99 958
1552 52 938 89 952
1553 533 513 523 789
1554 104 763 331 948
1555 318 377 374 370
1556 3 446 447 73
1557 789 871 523 533
1558 358 438 711 939
1559 939 947 382 953
1560 675 676 240 954
1561 142 139 141 131
1562 415 935 280 940
1563 161 441 114 957
1564 597 939 353 947
1565 343 925 342 948
1566 522 871 520 524
1567 117 732 826 930
1568 225 224 223 956
1569 472 934 126 941
1570 108 930 95 937
1571 117 450 116 930
1572 88 108 89 937
1573 193 291 284 935
1574 769 771 857 784
1575 858 703 856 701
1576 759 758 760 480
1577 212 222 767 865
1578 799 275 797 539
1579 41 185 43 35
1580 217 222 787 865
1581 790 519 789 536
1582 425 157 801 804
1583 609 610 294 806
1584 709 569 570 955
1585 747 748 133 742
1586 894 450 117 930
1587 276 223 680 957
1588 270 313 283 935
1589 575 92 574 930
1590 438 947 155 959
1591 302 635 914 288
1592 558 913 553 555
1593 809 878 573 544
1594 312 687 415 935
1595 472 121 125 126
1596 22 936 662 945
1597 97 63 33 74
1598 96 97 63 816
1599 922 391 670 260
1600 390 591 589 386
1601 643 508 287 949
1602 203 480 924 760
1603 9 722 761 912
1604 761 758 760 481
1605 924 758 79 480
1606 560 521 564 559
1607 524 871 520 559
1608 871 789 519 533
1609 933 666 188 501
1610 537 525 653 658
1611 171 57 958 51
1612 510 19 28 946
1613 650 205 162 956
1614 307 607 608 197
1615 503 51 171 934
1616 108 930 48 934
1617 107 24 335 945
1618 403 208 402 933
1619 811 514 512 810
1620 8 450 894 930
1621 282 932 468 935
1622 510 530 19 951
1623 933 940 603 944
1624 311 577 284 935
1625 131 838 78 931
1626 355 240 676 954
1627 629 614 630 949
1628 382 698 388 939
1629 6 931 129 945
1630 239 695 241 953
1631 8 837 450 943
1632 451 637 636 301
1633 147 277 266 956
1634 626 607 307 197
1635 608 626 307 812
1636 829 620 193 362
1637 918 410 917 407
1638 753 746 737 672
1639 672 138 737 714
1640 675 467 681 954
1641 312 577 311 935
1642 575 952 38 417
1643 534 810 515 512
1644 484 443 96 31
1645 443 484 96 97
1646 483 74 33 788
1647 568 569 571 955
1648 202 720 903 173
1649 679 677 213 221
1650 274 843 254 357
1651 254 843 251 239
1652 842 691 252 557
1653 951 60 868 866
1654 353 257 352 939
1655 11 446 73 26
1656 532 518 811 951
1657 838 128 129 7
1658 264 477 579 580
1659 264 579 578 580
1660 225 933 205 956
1661 729 722 912 731
1662 156 390 596 947
1663 547 550 352 939
1664 686 947 389 959
1665 891 241 238 932
1666 325 107 335 945
1667 268 935 267 940
1668 67 10 65 943
1669 92 39 66 943
1670 574 938 930 943
1671 338 337 540 946
1672 65 82 66 943
1673 704 705 315 941
1674 81 485 94 936
1675 321 176 320 934
1676 92 66 39 68
1677 92 70 837 69
1678 68 92 91 39
1679 837 69 450 92
1680 215 462 238 461
1681 290 907 298 949
1682 107 341 343 344
1683 30 28 19 946
1684 334 885 344 343
1685 342 139 140 45
1686 509 440 60 946
1687 925 107 342 344
1688 48 506 108 934
1689 418 127 417 952
1690 474 941 114 957
1691 305 848 385 959
1692 688 181 118 172
1693 38 574 168 952
1694 95 930 29 952
1695 4 931 673 955
1696 214 459 223 956
1697 482 486 183 818
1698 51 934 503 937
1699 346 804 316 939
1700 289 864 605 806
1701 266 214 216 956
1702 219 209 488 956
1703 116 930 450 943
1704 821 820 330 948
1705 17 80 204 571
1706 7 98 710 955
1707 822 874 340 948
1708 346 257 711 939
1709 385 592 389 959
1710 886 155 390 959
1711 579 479 580 828
1712 582 477 587 581
1713 477 264 476 580
1714 587 581 583 582
1715 581 583 259 665
1716 102 946 61 951
1717 304 632 301 633
1718 292 304 508 633
1719 194 645 632 292
1720 516 60 517 951
1721 627 629 628 949
1722 286 290 289 949
1723 644 627 643 949
1724 434 427 430 431
1725 410 431 432 427
1726 265 932 686 947
1727 911 565 529 527
1728 525 535 572 652
1729 564 790 565 519
1730 526 565 529 911
1731 560 790 529 565
1732 483 74 788 183
1733 29 930 95 934
1734 390 439 358 947
1735 535 791 525 536
1736 746 754 672 753
1737 243 698 350 247
1738 345 157 421 804
1739 316 421 804 345
1740 347 358 815 408
1741 603 933 893 940
1742 266 214 153 216
1743 459 940 933 956
1744 237 909 231 455
1745 339 540 59 946
1746 919 185 43 946
1747 549 316 243 939
1748 826 234 233 934
1749 403 940 933 944
1750 683 237 236 154
1751 179 321 320 934
1752 176 175 123 934
1753 226 109 792 934
1754 234 115 732 826
1755 64 931 927 942
1756 909 237 231 236
1757 620 297 193 944
1758 841 121 125 934
1759 17 952 571 955
1760 920 29 186 934
1761 321 180 322 934
1762 103 22 166 945
1763 124 930 808 934
1764 862 570 169 955
1765 652 651 572 537
1766 782 774 773 865
1767 772 774 781 211
1768 714 672 14 751
1769 138 672 737 746
1770 145 920 186 957
1771 680 112 233 957
1772 651 535 652 572
1773 429 410 407 428
1774 53 414 745 742
1775 742 741 738 745
1776 414 53 745 750
1777 747 746 414 742
1778 738 745 414 742
1779 94 936 32 11
1780 127 930 417 952
1781 203 758 760 761
1782 399 205 165 933
1783 45 931 106 945
1784 380 314 381 953
1785 187 850 360 933
1786 312 935 415 944
1787 500 308 309 933
1788 365 314 380 953
1789 20 25 34 936
1790 886 592 385 959
1791 936 945 76 946
1792 598 939 597 947
1793 393 196 389 932
1794 420 920 167 29
1795 315 933 603 152
1796 247 698 382 953
1797 395 306 293 935
1798 316 351 257 939
1799 375 370 541 371
1800 476 479 264 706
1801 376 377 373 374
1802 318 151 882 370
1803 636 304 451 301
1804 309 605 164 944
1805 620 829 193 297
1806 619 621 620 944
1807 467 675 674 954
1808 200 140 874 948
1809 164 713 402 944
1810 527 791 565 529
1811 234 732 167 930
1812 791 527 566 529
1813 113 319 228 179
1814 841 176 322 934
1815 64 34 42 931
1816 789 534 519 533
1817 363 293 814 935
1818 245 380 383 953
1819 872 243 844 317
1820 494 679 163 492
1821 278 490 497 279
1822 702 703 654 793
1823 490 497 489 163
1824 493 221 679 163
1825 470 469 265 932
1826 570 71 709 955
1827 606 608 197 307
1828 582 477 588 587
1829 130 662 6 945
1830 721 728 730 724
1831 16 66 75 168
1832 168 169 568 938
1833 268 218 269 267
1834 153 218 266 267
1835 507 441 13 957
1836 345 157 350 421
1837 595 598 597 947
1838 398 361 187 933
1839 375 853 243 345
1840 741 755 897 752
1841 741 743 740 738
1842 841 125 830 934
1843 736 741 740 738
1844 739 741 745 740
1845 138 137 746 21
1846 133 746 21 747
1847 133 137 746 754
1848 927 931 42 942
1849 471 932 282 935
1850 792 232 226 934
1851 829 193 297 935
1852 535 791 536 565
1853 746 753 737 738
1854 742 746 753 754
1855 133 746 747 742
1856 746 742 753 738
1857 346 735 432 431
1858 735 456 348 431
1859 347 456 174 735
1860 735 346 432 849
1861 465 468 466 932
1862 209 496 488 489
1863 342 140 874 142
1864 465 466 467 932
1865 717 719 904 727
1866 220 406 219 956
1867 238 246 893 935
1868 885 341 925 948
1869 236 315 909 941
1870 474 473 472 934
1871 807 943 808 958
1872 323 180 379 941
1873 841 830 176 934
1874 54 46 90 938
1875 475 472 126 941
1876 123 319 320 934
1877 826 232 792 934
1878 236 933 315 941
1879 471 282 159 935
1880 311 687 312 935
1881 194 637 451 301
1882 641 638 194 452
1883 304 303 914 636
1884 642 638 452 194
1885 243 872 844 939
1886 416 568 571 952
1887 861 938 52 952
1888 513 518 533 523
1889 156 597 681 947
1890 89 930 95 952
1891 642 638 887 452
1892 641 638 452 637
1893 522 871 523 520
1894 519 524 559 533
1895 520 524 559 910
1896 270 280 687 935
1897 844 352 545 550
1898 511 531 532 951
1899 322 934 323 941
1900 4 931 862 942
1901 530 100 19 951
1902 844 542 253 317
1903 550 547 543 549
1904 353 256 597 947
1905 659 660 819 892
1906 337 103 335 945
1907 37 83 87 942
1908 44 931 4 942
1909 238 932 241 953
1910 322 121 841 934
1911 319 895 228 934
1912 826 930 234 934
1913 61 522 518 951
1914 550 542 844 243
1915 518 523 513 951
1916 309 405 187 933
1917 500 309 360 933
1918 146 280 269 940
1919 893 935 246 940
1920 165 398 399 933
1921 844 352 550 939
1922 11 446 26 32
1923 140 72 173 201
1924 482 483 818 183
1925 219 221 278 207
1926 159 313 306 935
1927 489 497 496 163
1928 488 497 206 496
1929 602 947 681 954
1930 265 471 394 469
1931 815 158 408 359
1932 408 448 347 431
1933 448 408 449 431
1934 593 264 590 261
1935 156 681 600 602
1936 542 317 243 541
1937 85 40 87 942
1938 474 472 475 934
1939 187 361 850 933
1940 574 938 168 952
1941 92 69 450 116
1942 510 868 513 951
1943 115 117 732 826
1944 805 872 242 247
1945 243 872 247 541
1946 525 572 535 536
1947 370 368 318 369
1948 372 377 378 376
1949 368 872 369 367
1950 536 534 535 519
1951 536 535 651 572
1952 519 790 789 521
1953 431 813 434 349
1954 433 349 431 434
1955 857 832 784 771
1956 409 349 449 431
1957 210 778 857 921
1958 777 832 771 831
1959 857 771 777 778
1960 654 793 566 794
1961 769 784 776 774
1962 769 784 857 776
1963 210 783 776 785
1964 620 621 297 944
1965 776 784 857 210
1966 781 775 774 776
1967 237 933 236 941
1968 93 15 132 936
1969 54 20 34 936
1970 497 488 206 220
1971 620 190 619 618
1972 209 497 219 220
1973 190 619 618 617
1974 662 166 22 945
1975 662 936 6 945
1976 605 619 296 190
1977 939 947 932 954
1978 318 369 541 370
1979 383 363 245 932
1980 196 396 383 932
1981 388 939 438 947
1982 330 328 329 764
1983 130 166 662 945
1984 844 939 872 953
1985 287 682 644 949
1986 666 933 668 941
1987 233 145 680 957
1988 472 505 111 934
1989 30 945 936 946
1990 519 871 559 521
1991 789 871 519 521
1992 216 224 798 209
1993 519 871 533 559
1994 168 37 169 938
1995 177 808 894 930
1996 504 505 473 934
1997 605 624 190 944
1998 147 224 216 209
1999 893 246 603 944
2000 96 446 11 442
2001 440 60 517 144
2002 686 470 265 947
2003 71 570 673 955
2004 225 650 206 956
2005 604 289 605 806
2006 604 289 617 605
2007 289 610 615 616
2008 610 289 615 613
2009 289 609 610 294
2010 606 289 733 614
2011 289 733 613 734
2012 550 844 253 950
2013 865 211 780 678
2014 865 772 780 211
2015 297 935 193 944
2016 450 177 178 8
2017 450 177 8 894
2018 289 604 294 806
2019 640 637 641 639
2020 646 637 300 636
2021 48 930 108 937
2022 76 945 1 946
2023 596 390 595 947
2024 438 439 155 947
2025 30 487 440 946
2026 458 695 242 953
2027 207 217 278 219
2028 217 677 678 207
2029 52 98 62 938
2030 217 222 677 787
2031 330 170 821 948
2032 932 947 939 953
2033 468 282 471 932
2034 226 934 233 957
2035 60 440 517 946
2036 468 471 469 932
2037 641 637 452 639
2038 245 380 365 383
2039 300 637 640 639
2040 640 637 451 641
2041 637 640 451 636
2042 778 783 857 921
2043 783 210 776 857
2044 625 620 190 621
2045 545 844 550 950
2046 713 712 403 944
2047 470 932 265 947
2048 681 602 156 947
2049 450 930 8 943
2050 316 345 243 939
2051 912 718 729 724
2052 721 729 912 731
2053 50 937 89 938
2054 607 606 608 197
2055 12 32 11 26
2056 245 458 366 953
2057 52 62 90 938
2058 30 12 27 26
2059 313 282 283 935
2060 111 830 125 934
2061 937 943 99 958
2062 663 506 13 934
2063 222 787 767 766
2064 786 775 776 876
2065 785 775 876 776
2066 857 832 210 784
2067 278 213 787 221
2068 213 221 900 490
2069 138 688 137 21
2070 257 939 598 947
2071 928 58 55 937
2072 321 227 109 228
2073 309 624 605 944
2074 92 66 68 574
2075 523 510 513 951
2076 242 805 366 953
2077 86 84 85 41
2078 468 465 160 932
2079 56 99 55 958
2080 282 160 397 935
2081 282 313 159 935
2082 159 306 395 935
2083 852 230 851 235
2084 553 694 543 950
2085 709 708 80 955
2086 125 121 472 934
2087 107 341 925 343
2088 138 688 184 118
2089 6 101 128 931
2090 172 499 135 33
2091 184 688 181 118
2092 135 172 136 63
2093 546 692 553 950
2094 278 213 900 787
2095 207 787 221 278
2096 222 213 677 787
2097 490 221 278 497
2098 692 694 553 950
2099 545 149 844 950
2100 691 557 842 950
2101 691 546 557 950
2102 905 634 914 299
2103 475 934 472 941
2104 914 635 634 636
2105 323 667 669 941
2106 515 810 811 512
2107 634 304 301 633
2108 659 660 892 661
2109 243 247 350 541
2110 369 872 247 367
2111 366 247 367 805
2112 513 512 811 867
2113 143 419 204 952
2114 789 534 533 512
2115 204 419 17 952
2116 932 382 959 947
2117 48 51 503 937
2118 575 930 574 952
2119 534 536 789 519
2120 677 495 213 222
2121 491 493 492 869
2122 493 491 494 679
2123 439 947 390 959
2124 763 327 329 948
2125 332 330 328 329
2126 330 715 333 170
2127 454 717 904 727
2128 120 727 454 904
2129 502 715 120 332
2130 66 87 37 83
2131 547 352 351 939
2132 619 190 621 944
2133 66 83 168 938
2134 380 381 383 953
2135 314 805 382 953
2136 30 32 485 936
2137 382 932 381 953
2138 450 837 92 943
2139 778 832 921 210
2140 185 41 86 35
2141 779 771 770 777
2142 619 620 193 944
2143 87 40 37 942
2144 84 931 43 942
2145 123 808 177 934
2146 508 629 628 292
2147 894 930 117 934
2148 84 43 41 942
2149 322 180 323 934
2150 877 776 876 786
2151 786 776 846 781
2152 823 820 341 948
2153 515 513 533 512
2154 218 940 266 956
2155 538 535 651 536
2156 534 810 18 515
2157 941 122 705 909
2158 393 394 395 932
2159 355 256 353 954
2160 502 715 170 120
2161 264 593 590 356
2162 392 594 390 356
2163 601 594 390 595
2164 330 715 170 332
2165 419 143 420 952
2166 106 185 919 945
2167 190 620 150 618
2168 273 940 272 956
2169 383 365 281 380
2170 922 587 478 264
2171 213 495 494 766
2172 796 945 36 946
2173 922 589 591 386
2174 589 922 264 386
2175 90 931 20 938
2176 723 762 481 722
2177 395 471 159 932
2178 332 330 329 948
2179 296 605 164 604
2180 42 84 927 942
2181 604 296 290 907
2182 704 315 152 933
2183 594 156 392 390
2184 293 291 814 935
2185 318 377 376 374
2186 318 151 374 882
2187 410 432 435 263
2188 717 120 170 716
2189 189 199 474 941
2190 193 935 284 944
2191 844 317 695 953
2192 400 933 403 940
2193 903 720 79 840
2194 119 903 454 202
2195 903 173 454 202
2196 352 844 149 847
2197 460 459 214 940
2198 238 935 893 940
2199 935 195 311 310
2200 657 567 659 892
2201 422 854 849 425
2202 653 567 700 654
2203 657 567 700 656
2204 567 703 654 817
2205 659 567 661 892
2206 838 7 78 955
2207 850 500 188 360
2208 890 916 114 161
2209 304 905 914 302
2210 292 304 632 508
2211 363 293 281 814
2212 804 801 802 803
2213 121 934 322 941
2214 268 267 269 940
2215 90 89 938 50
2216 43 936 30 945
2217 399 398 208 933
2218 403 712 400 940
2219 126 941 189 475
2220 941 126 189 5
2221 567 793 654 703
2222 655 529 562 563
2223 561 562 526 911
2224 428 410 825 870
2225 599 706 392 901
2226 901 156 392 599
2227 267 935 463 940
2228 650 406 220 956
2229 90 54 20 47
2230 90 62 89 50
2231 457 245 364 953
2232 48 934 930 937
2233 115 575 417 930
2234 54 34 64 931
2235 223 933 112 957
2236 13 934 507 957
2237 220 206 650 956
2238 745 743 739 740
2239 741 743 738 745
2240 738 743 414 745
2241 741 743 745 740
2242 347 358 711 257
2243 432 258 408 827
2244 258 248 426 432
2245 815 358 257 359
2246 114 941 889 957
2247 437 358 711 258
2248 408 248 258 432
2249 134 137 21 133
2250 136 499 135 63
2251 94 132 136 81
2252 134 137 800 21
2253 118 138 672 714
2254 381 932 383 953
2255 577 193 285 284
2256 185 931 43 945
2257 20 15 25 936
2258 126 121 669 941
2259 741 755 740 897
2260 162 400 406 956
2261 788 498 74 135
2262 619 296 290 617
2263 605 619 190 617
2264 24 107 796 945
2265 756 752 744 757
2266 853 375 243 541
2267 736 752 756 755
2268 250 370 375 371
2269 628 643 627 949
2270 535 790 565 536
2271 513 515 518 951
2272 515 811 518 951
2273 246 935 297 944
2274 89 937 930 952
2275 74 484 97 63
2276 256 681 597 947
2277 429 349 433 684
2278 844 357 847 954
2279 568 952 938 955
2280 457 238 241 953
2281 681 676 675 954
2282 1 945 338 946
2283 43 35 19 41
2284 353 947 939 954
2285 635 914 634 299
2286 115 732 117 930
2287 635 636 914 303
2288 635 899 647 303
2289 231 235 236 852
2290 231 851 235 852
2291 231 235 909 236
2292 65 99 82 943
2293 460 237 459 238
2294 231 237 852 236
2295 701 702 703 856
2296 117 895 894 934
2297 847 357 355 954
2298 177 930 894 934
2299 702 655 794 654
2300 703 702 817 856
2301 544 878 573 834
2302 813 348 431 434
2303 600 156 596 597
2304 594 156 390 596
2305 390 156 392 686
2306 681 156 600 597
2307 928 55 57 958
2308 112 459 455 933
2309 200 502 23 948
2310 685 407 429 684
2311 619 285 296 944
2312 685 409 684 648
2313 685 409 649 918
2314 276 680 145 957
2315 117 930 826 934
2316 666 705 704 941
2317 930 934 124 958
2318 379 109 226 934
2319 223 225 276 224
2320 576 312 271 944
2321 352 847 353 939
2322 14 736 752 744
2323 790 791 565 536
2324 653 791 527 525
2325 911 655 562 527
2326 563 896 873 923
2327 156 686 390 947
2328 389 886 390 959
2329 245 363 364 935
2330 44 106 45 931
2331 126 934 121 941
2332 517 144 339 946
2333 316 257 346 939
2334 243 247 939 698
2335 717 727 120 716
2336 903 720 904 173
2337 202 720 79 903
2338 782 772 865 773
2339 219 218 266 956
2340 782 772 217 865
2341 509 946 60 951
2342 843 689 357 252
2343 689 847 355 149
2344 847 689 844 149
2345 415 280 146 940
2346 804 711 422 421
2347 711 849 804 422
2348 153 462 461 940
2349 849 248 422 711
2350 346 248 432 849
2351 849 248 432 423
2352 832 857 210 778
2353 264 479 580 578
2354 190 620 619 621
2355 278 213 221 900
2356 495 213 222 766
2357 771 769 857 777
2358 535 538 534 536
2359 466 470 602 932
2360 441 507 13 114
2361 571 709 80 569
2362 916 507 114 13
2363 160 282 468 935
2364 669 121 323 941
2365 212 771 774 767
2366 891 932 254 954
2367 621 190 622 944
2368 94 132 93 15
2369 89 108 95 937
2370 222 213 787 766
2371 767 787 212 766
2372 787 217 865 212
2373 782 787 217 278
2374 217 222 865 678
2375 207 787 217 677
2376 212 222 865 787
2377 30 485 32 487
2378 47 58 49 937
2379 55 58 56 937
2380 727 717 120 454
2381 341 334 824 823
2382 1 76 22 945
2383 239 891 254 241
2384 872 368 369 541
2385 90 20 54 938
2386 351 174 347 884
2387 346 351 347 257
2388 834 547 351 548
2389 174 351 834 884
2390 809 878 544 863
2391 647 635 303 646
2392 776 877 876 785
2393 952 575 38 574
2394 585 587 588 586
2395 585 582 413 588
2396 151 370 374 377
2397 623 308 501 933
2398 370 151 882 369
2399 5 666 668 941
2400 89 90 938 52
2401 225 276 110 933
2402 385 384 305 959
2403 844 239 357 954
2404 187 405 401 933
2405 161 205 110 933
2406 169 570 569 955
2407 708 71 78 955
2408 671 80 707 955
2409 196 383 384 932
2410 430 427 148 424
2411 6 128 101 129
2412 431 427 429 433
2413 142 139 45 140
2414 140 105 139 342
2415 338 945 337 946
2416 590 264 587 261
2417 590 583 476 665
2418 136 688 137 63
2419 134 137 133 136
2420 134 688 136 800
2421 138 118 672 137
2422 529 655 566 563
2423 911 655 529 562
2424 137 138 746 672
2425 379 122 229 323
2426 615 612 611 192
2427 612 611 150 616
2428 728 721 731 729
2429 731 728 729 725
2430 721 728 724 729
2431 663 13 441 957
2432 297 364 829 935
2433 507 13 506 934
2434 297 246 364 935
2435 247 243 939 872
2436 516 866 60 951
2437 510 509 868 951
2438 365 383 281 363
2439 400 940 406 956
2440 820 331 330 948
2441 485 879 76 936
2442 136 499 81 135
2443 364 935 457 953
2444 512 538 534 810
2445 534 538 18 810
2446 364 363 829 935
2447 593 390 594 356
2448 390 593 264 356
2449 571 952 568 955
2450 219 206 220 956
2451 310 313 270 935
2452 323 669 322 121
2453 332 170 330 948
2454 332 329 502 948
2455 101 77 128 936
2456 107 106 796 945
2457 293 396 395 932
2458 885 334 341 823
2459 767 771 774 865
2460 777 771 770 831
2461 771 779 769 777
2462 212 771 767 770
2463 857 832 771 778
2464 934 111 175 171
2465 390 358 439 601
2466 587 411 261 391
2467 391 696 587 411
2468 558 552 913 883
2469 552 839 913 883
2470 182 181 135 33
2471 929 943 807 958
2472 172 499 33 63
2473 10 943 929 958
2474 420 29 167 930
2475 362 193 829 935
2476 128 838 129 931
2477 127 115 417 930
2478 758 759 760 481
2479 903 758 203 761
2480 924 758 203 79
2481 507 934 474 957
2482 598 595 354 359
2483 563 896 561 562
2484 39 70 92 91
2485 369 872 541 247
2486 243 872 541 317
2487 872 367 368 242
2488 103 325 335 945
2489 52 89 859 952
2490 223 933 225 956
2491 204 861 143 952
2492 571 17 416 952
2493 485 96 81 94
2494 719 717 904 720
2495 547 550 543 545
2496 146 273 415 940
2497 316 547 548 351
2498 550 547 352 545
2499 289 609 613 610
2500 610 609 864 806
2501 613 609 294 608
2502 184 688 800 181
2503 800 172 688 136
2504 688 138 184 21
2505 76 1 487 946
2506 105 140 200 326
2507 105 107 326 325
2508 140 105 342 326
2509 673 931 141 955
2510 756 752 757 880
2511 236 230 852 235
2512 894 177 113 178
2513 717 719 727 716
2514 635 914 899 303
2515 646 635 303 636
2516 899 635 647 915
2517 139 130 131 945
2518 106 919 36 945
2519 703 702 654 817
2520 677 213 221 787
2521 213 495 679 494
2522 484 74 97 444
2523 410 825 407 428
2524 421 345 316 939
2525 450 177 894 178
2526 119 202 203 903
2527 266 153 214 956
2528 418 417 38 952
2529 172 63 97 816
2530 800 172 136 135
2531 63 172 97 33
2532 135 172 33 181
2533 555 554 558 839
2534 467 462 465 932
2535 225 205 650 956
2536 439 358 411 601
2537 799 275 539 888
2538 390 358 601 595
2539 158 358 408 359
2540 437 358 438 711
2541 408 248 358 258
2542 437 248 711 438
2543 347 248 346 711
2544 248 849 422 423
2545 248 258 426 437
2546 74 135 498 499
2547 776 775 774 784
2548 467 674 675 255
2549 134 499 135 81
2550 74 499 63 33
2551 99 937 46 938
2552 499 74 63 81
2553 136 499 63 81
2554 172 499 63 135
2555 157 804 422 421
2556 425 157 804 422
2557 641 638 637 194
2558 208 398 401 933
2559 395 293 306 396
2560 500 850 188 933
2561 631 198 287 949
2562 59 946 531 951
2563 513 811 515 951
2564 532 811 511 951
2565 59 528 517 951
2566 517 946 59 951
2567 932 947 602 954
2568 205 933 162 956
2569 827 410 258 408
2570 918 410 407 409
2571 490 494 221 163
2572 175 124 123 934
2573 382 381 314 953
2574 115 117 116 930
2575 34 54 25 20
2576 90 54 47 46
2577 82 64 83 938
2578 269 935 268 940
2579 633 292 632 631
2580 777 832 831 778
2581 768 832 831 833
2582 508 631 292 633
2583 314 245 366 953
2584 92 66 574 943
2585 597 598 353 939
2586 872 242 695 953
2587 64 46 54 938
2588 266 216 147 956
2589 72 822 120 502
2590 67 8 807 929
2591 603 940 893 944